3650.00           0.799371
3652.00           0.887804
3654.00           0.911464
3656.00           0.882427
3658.00           0.894422
3660.00           0.890865
3662.00           0.882013
3664.00           0.736665
3666.00           0.701838
3668.00           0.759746
3670.00           0.864476
3672.00           0.934875
3674.00           0.993527
3676.00           0.977726
3678.00           0.927264
3680.00           0.817819
3682.00           0.776622
3684.00           0.806320
3686.00           0.838500
3688.00           0.872914
3690.00           0.845614
3692.00           0.836018
3694.00           0.897979
3696.00           0.913614
3698.00           0.926850
3700.00           0.914028
3702.00           0.863069
3704.00           0.837921
3706.00           0.756602
3708.00           0.816164
3710.00           0.831055
3712.00           0.853308
3714.00           0.797882
3716.00           0.788617
3718.00           0.817240
3720.00           0.875726
3722.00           0.891858
3724.00           0.880524
3726.00           0.886811
3728.00           0.884661
3730.00           0.907245
3732.00           0.877463
3734.00           0.838914
3736.00           0.832544
3738.00           0.859347
3740.00           0.893512
3742.00           0.931731
3744.00           0.955473
3746.00           1.103220
3748.00           1.419313
3750.00           1.990033
3752.00           2.705853
3754.00           3.296428
3756.00           3.475445
3758.00           3.117245
3760.00           2.402004
3762.00           1.688169
3764.00           1.199678
3766.00           0.928670
3768.00           0.940666
3770.00           0.929332
3772.00           0.969040
3774.00           0.850164
3776.00           0.787872
3778.00           0.764709
3780.00           0.778359
3782.00           0.822948
3784.00           0.890782
3786.00           0.958782
3788.00           0.978305
3790.00           0.954067
3792.00           0.946704
3794.00           0.956714
3796.00           0.940500
3798.00           0.888466
3800.00           0.848841
3802.00           0.874651
3804.00           0.918412
3806.00           1.005605
3808.00           1.054743
3810.00           1.104378
3812.00           1.067318
3814.00           1.083863
3816.00           1.112982
3818.00           1.071867
3820.00           0.950427
3822.00           0.860422
3824.00           0.873658
3826.00           0.939176
3828.00           0.948442
3830.00           0.987074
3832.00           0.984427
3834.00           0.993279
3836.00           1.015945
3838.00           1.098340
3840.00           1.163775
3842.00           1.184374
3844.00           1.129113
3846.00           1.088578
3848.00           1.069965
3850.00           1.066573
3852.00           1.087420
3854.00           1.015201
3856.00           0.964821
3858.00           0.862821
3860.00           0.862904
3862.00           0.841147
3864.00           0.843133
3866.00           0.873162
3868.00           0.925775
3870.00           1.008831
3872.00           1.041342
3874.00           1.085848
3876.00           1.150705
3878.00           1.206544
3880.00           1.205055
3882.00           1.163444
3884.00           1.139123
3886.00           1.136724
3888.00           1.105619
3890.00           1.095444
3892.00           1.121420
3894.00           1.159804
3896.00           1.164023
3898.00           1.148471
3900.00           1.110335
3902.00           1.081215
3904.00           1.068641
3906.00           1.105123
3908.00           1.122164
3910.00           1.074680
3912.00           1.043410
3914.00           1.033648
3916.00           1.051434
3918.00           1.024301
3920.00           1.014208
3922.00           1.010568
3924.00           1.025210
3926.00           1.051103
3928.00           1.038612
3930.00           1.044155
3932.00           1.028850
3934.00           1.044651
3936.00           1.071619
3938.00           1.110252
3940.00           1.183464
3942.00           1.207371
3944.00           1.210846
3946.00           1.209853
3948.00           1.252374
3950.00           1.265858
3952.00           1.242612
3954.00           1.169152
3956.00           1.086510
3958.00           1.027775
3960.00           0.966558
3962.00           0.978554
3964.00           0.931731
3966.00           0.913614
3968.00           0.932228
3970.00           0.983517
3972.00           1.084855
3974.00           1.148802
3976.00           1.218043
3978.00           1.199016
3980.00           1.127541
3982.00           1.095279
3984.00           1.067318
3986.00           1.074680
3988.00           1.069468
3990.00           1.089571
3992.00           1.033318
3994.00           0.926520
3996.00           0.849420
3998.00           0.849751
4000.00           0.873575
4002.00           0.896077
4004.00           0.931566
4006.00           0.991210
4008.00           1.067069
4010.00           1.138627
4012.00           1.189254
4014.00           1.200753
4016.00           1.203979
4018.00           1.193722
4020.00           1.195624
4022.00           1.219863
4024.00           1.239634
4026.00           1.241619
4028.00           1.244349
4030.00           1.248568
4032.00           1.214982
4034.00           1.153352
4036.00           1.133167
4038.00           1.136559
4040.00           1.114967
4042.00           1.206627
4044.00           1.386471
4046.00           1.505347
4048.00           1.435113
4050.00           1.243522
4052.00           1.144004
4054.00           1.155751
4056.00           1.232106
4058.00           1.290923
4060.00           1.310529
4062.00           1.289517
4064.00           1.259323
4066.00           1.235829
4068.00           1.223668
4070.00           1.232602
4072.00           1.253863
4074.00           1.303581
4076.00           1.350982
4078.00           1.360661
4080.00           1.321945
4082.00           1.288525
4084.00           1.269829
4086.00           1.278349
4088.00           1.275950
4090.00           1.271400
4092.00           1.312349
4094.00           1.316568
4096.00           1.278763
4098.00           1.226481
4100.00           1.195955
4102.00           1.209522
4104.00           1.198023
4106.00           1.219615
4108.00           1.211177
4110.00           1.206544
4112.00           1.178500
4114.00           1.157157
4116.00           1.146568
4118.00           1.138709
4120.00           1.144417
4122.00           1.116125
4124.00           1.124481
4126.00           1.093955
4128.00           1.061940
4130.00           1.069965
4132.00           1.122413
4134.00           1.211425
4136.00           1.165678
4138.00           1.104544
4140.00           1.049532
4142.00           1.079561
4144.00           1.114057
4146.00           1.105702
4148.00           1.072778
4150.00           1.109259
4152.00           1.173950
4154.00           1.207537
4156.00           1.157157
4158.00           1.162121
4160.00           1.164602
4162.00           1.196617
4164.00           1.157653
4166.00           1.200919
4168.00           1.251629
4170.00           1.297624
4172.00           1.265361
4174.00           1.254276
4176.00           1.224743
4178.00           1.250223
4180.00           1.238559
4182.00           1.271318
4184.00           1.259240
4186.00           1.284140
4188.00           1.281741
4190.00           1.292743
4192.00           1.274875
4194.00           1.245507
4196.00           1.261722
4198.00           1.271979
4200.00           1.274958
4202.00           1.252705
4204.00           1.241537
4206.00           1.253201
4208.00           1.249644
4210.00           1.209108
4212.00           1.167663
4214.00           1.177921
4216.00           1.209936
4218.00           1.271400
4220.00           1.267264
4222.00           1.260233
4224.00           1.239303
4226.00           1.223420
4228.00           1.216967
4230.00           1.199430
4232.00           1.192315
4234.00           1.179576
4236.00           1.172461
4238.00           1.189834
4240.00           1.210515
4242.00           1.242860
4244.00           1.250306
4246.00           1.251133
4248.00           1.253863
4250.00           1.254028
4252.00           1.283478
4254.00           1.279756
4256.00           1.248403
4258.00           1.198851
4260.00           1.198933
4262.00           1.212335
4264.00           1.228052
4266.00           1.202821
4268.00           1.211838
4270.00           1.190247
4272.00           1.183546
4274.00           1.203069
4276.00           1.266271
4278.00           1.295473
4280.00           1.256179
4282.00           1.225322
4284.00           1.239469
4286.00           1.242364
4288.00           1.228218
4290.00           1.201663
4292.00           1.199181
4294.00           1.200257
4296.00           1.216140
4298.00           1.230369
4300.00           1.202077
4302.00           1.170228
4304.00           1.125556
4306.00           1.129361
4308.00           1.154014
4310.00           1.191819
4312.00           1.226729
4314.00           1.195045
4316.00           1.172627
4318.00           1.132505
4320.00           1.128038
4322.00           1.137965
4324.00           1.161707
4326.00           1.170724
4328.00           1.133332
4330.00           1.088082
4332.00           1.038612
4334.00           1.056067
4336.00           1.064919
4338.00           1.076666
4340.00           1.066573
4342.00           1.036461
4344.00           1.038364
4346.00           1.032325
4348.00           1.049780
4350.00           1.050607
4352.00           1.051683
4354.00           1.052510
4356.00           1.053420
4358.00           1.054412
4360.00           1.055322
4362.00           1.056232
4364.00           1.070709
4366.00           1.099167
4368.00           1.136476
4370.00           1.266354
4372.00           1.458607
4374.00           1.608753
4376.00           1.545138
4378.00           1.296549
4380.00           1.067069
4382.00           0.984923
4384.00           1.033069
4386.00           1.093624
4388.00           1.099167
4390.00           1.110500
4392.00           1.129527
4394.00           1.162038
4396.00           1.153269
4398.00           1.152359
4400.00           1.146568
4402.00           1.152938
4404.00           1.143259
4406.00           1.138130
4408.00           1.149960
4410.00           1.168242
4412.00           1.167167
4414.00           1.149381
4416.00           1.128203
4418.00           1.105040
4420.00           1.081712
4422.00           1.075342
4424.00           1.116374
4426.00           1.104461
4428.00           1.097347
4430.00           1.118607
4432.00           1.145410
4434.00           1.135566
4436.00           1.118276
4438.00           1.159473
4440.00           1.183050
4442.00           1.161459
4444.00           1.151780
4446.00           1.176432
4448.00           1.185366
4450.00           1.177259
4452.00           1.176267
4454.00           1.172709
4456.00           1.174860
4458.00           1.163279
4460.00           1.179079
4462.00           1.187021
4464.00           1.206130
4466.00           1.205882
4468.00           1.185366
4470.00           1.169400
4472.00           1.167911
4474.00           1.171634
4476.00           1.159142
4478.00           1.170972
4480.00           1.197279
4482.00           1.249809
4484.00           1.239469
4486.00           1.210680
4488.00           1.155254
4490.00           1.122743
4492.00           1.138048
4494.00           1.148140
4496.00           1.150208
4498.00           1.134242
4500.00           1.127376
4502.00           1.148554
4504.00           1.179410
4506.00           1.239551
4508.00           1.259323
4510.00           1.261060
4512.00           1.231031
4514.00           1.212666
4516.00           1.174612
4518.00           1.180320
4520.00           1.186028
4522.00           1.217133
4524.00           1.190247
4526.00           1.198933
4528.00           1.199016
4530.00           1.212252
4532.00           1.219449
4534.00           1.213162
4536.00           1.210349
4538.00           1.219615
4540.00           1.240130
4542.00           1.267512
4544.00           1.272476
4546.00           1.252539
4548.00           1.237979
4550.00           1.212169
4552.00           1.194632
4554.00           1.190826
4556.00           1.214568
4558.00           1.231858
4560.00           1.218208
4562.00           1.184539
4564.00           1.189751
4566.00           1.178500
4568.00           1.152855
4570.00           1.134739
4572.00           1.159060
4574.00           1.191902
4576.00           1.210515
4578.00           1.213079
4580.00           1.212252
4582.00           1.211259
4584.00           1.200753
4586.00           1.192977
4588.00           1.196121
4590.00           1.195955
4592.00           1.202077
4594.00           1.195459
4596.00           1.210515
4598.00           1.233347
4600.00           1.243936
4602.00           1.239551
4604.00           1.208529
4606.00           1.182305
4608.00           1.176349
4610.00           1.178748
4612.00           1.165430
4614.00           1.140364
4616.00           1.163113
4618.00           1.161211
4620.00           1.172048
4622.00           1.178335
4624.00           1.193556
4626.00           1.216140
4628.00           1.203318
4630.00           1.216719
4632.00           1.215975
4634.00           1.202242
4636.00           1.196121
4638.00           1.171468
4640.00           1.190743
4642.00           1.211342
4644.00           1.226150
4646.00           1.234174
4648.00           1.213576
4650.00           1.187765
4652.00           1.153683
4654.00           1.144583
4656.00           1.165264
4658.00           1.193142
4660.00           1.199264
4662.00           1.201167
4664.00           1.196369
4666.00           1.236325
4668.00           1.205551
4670.00           1.182719
4672.00           1.119848
4674.00           1.153683
4676.00           1.153517
4678.00           1.185780
4680.00           1.189254
4682.00           1.217960
4684.00           1.247327
4686.00           1.219366
4688.00           1.189916
4690.00           1.145576
4692.00           1.180982
4694.00           1.204807
4696.00           1.239717
4698.00           1.220938
4700.00           1.205138
4702.00           1.158646
4704.00           1.151035
4706.00           1.162617
4708.00           1.189503
4710.00           1.198520
4712.00           1.172213
4714.00           1.150043
4716.00           1.122247
4718.00           1.131347
4720.00           1.139123
4722.00           1.149381
4724.00           1.149050
4726.00           1.172627
4728.00           1.175605
4730.00           1.182471
4732.00           1.170145
4734.00           1.165430
4736.00           1.153021
4738.00           1.136559
4740.00           1.142928
4742.00           1.149877
4744.00           1.159970
4746.00           1.157736
4748.00           1.150456
4750.00           1.164933
4752.00           1.167415
4754.00           1.178500
4756.00           1.170807
4758.00           1.167415
4760.00           1.152359
4762.00           1.123819
4764.00           1.128038
4766.00           1.131016
4768.00           1.131430
4770.00           1.105619
4772.00           1.086344
4774.00           1.091722
4776.00           1.120510
4778.00           1.171303
4780.00           1.192067
4782.00           1.195624
4784.00           1.180237
4786.00           1.167001
4788.00           1.144748
4790.00           1.139454
4792.00           1.146237
4794.00           1.164768
4796.00           1.162782
4798.00           1.142349
4800.00           1.136310
4802.00           1.118607
4804.00           1.109507
4806.00           1.096437
4808.00           1.100904
4810.00           1.118028
4812.00           1.110252
4814.00           1.095527
4816.00           1.111245
4818.00           1.123157
4820.00           1.147975
4822.00           1.123571
4824.00           1.122743
4826.00           1.115381
4828.00           1.113147
4830.00           1.125142
4832.00           1.126549
4834.00           1.135731
4836.00           1.125639
4838.00           1.116208
4840.00           1.106860
4842.00           1.106281
4844.00           1.134656
4846.00           1.138544
4848.00           1.149877
4850.00           1.115050
4852.00           1.116953
4854.00           1.105537
4856.00           1.092631
4858.00           1.095610
4860.00           1.112568
4862.00           1.130933
4864.00           1.109425
4866.00           1.105619
4868.00           1.101318
4870.00           1.094865
4872.00           1.069303
4874.00           1.051683
4876.00           1.054661
4878.00           1.050607
4880.00           1.042500
4882.00           1.044155
4884.00           1.034972
4886.00           1.033152
4888.00           1.007673
4890.00           1.001965
4892.00           1.080471
4894.00           1.377702
4896.00           1.819950
4898.00           2.198252
4900.00           2.275021
4902.00           2.002856
4904.00           1.576821
4906.00           1.200340
4908.00           1.016359
4910.00           0.979215
4912.00           0.987240
4914.00           1.007425
4916.00           1.021571
4918.00           1.019751
4920.00           1.017434
4922.00           1.026038
4924.00           1.053420
4926.00           1.052758
4928.00           1.069717
4930.00           1.112568
4932.00           1.147726
4934.00           1.131430
4936.00           1.094534
4938.00           1.091639
4940.00           1.091639
4942.00           1.095858
4944.00           1.081215
4946.00           1.091142
4948.00           1.101566
4950.00           1.110914
4952.00           1.086013
4954.00           1.051434
4956.00           1.028768
4958.00           1.041921
4960.00           1.050855
4962.00           1.054330
4964.00           1.034807
4966.00           1.056812
4968.00           1.063512
4970.00           1.087006
4972.00           1.070544
4974.00           1.037206
4976.00           1.050359
4978.00           1.064340
4980.00           1.118524
4982.00           1.153765
4984.00           1.186276
4986.00           1.205138
4988.00           1.197113
4990.00           1.206958
4992.00           1.262466
4994.00           1.358675
4996.00           1.427337
4998.00           1.464481
5000.00           1.398714
5002.00           1.302919
5004.00           1.190082
5006.00           1.112320
5008.00           1.079561
5010.00           1.039770
5012.00           1.055736
5014.00           1.074432
5016.00           1.083201
5018.00           1.066325
5020.00           1.045644
5022.00           1.056812
5024.00           1.059128
5026.00           1.068807
5028.00           1.081877
5030.00           1.085269
5032.00           1.088826
5034.00           1.077245
5036.00           1.116043
5038.00           1.210432
5040.00           1.449425
5042.00           1.723576
5044.00           1.955702
5046.00           2.072510
5048.00           2.021883
5050.00           1.767420
5052.00           1.414349
5054.00           1.151118
5056.00           1.069634
5058.00           1.069468
5060.00           1.033400
5062.00           1.023473
5064.00           1.013133
5066.00           1.062602
5068.00           1.069055
5070.00           1.075176
5072.00           1.056067
5074.00           1.041921
5076.00           1.025128
5078.00           1.002875
5080.00           0.991541
5082.00           1.000558
5084.00           1.013712
5086.00           1.063264
5088.00           1.076914
5090.00           1.083532
5092.00           1.057142
5094.00           1.032739
5096.00           1.040432
5098.00           1.068310
5100.00           1.077906
5102.00           1.082870
5104.00           1.067152
5106.00           1.048705
5108.00           1.026865
5110.00           1.036875
5112.00           1.048622
5114.00           1.059541
5116.00           1.048208
5118.00           1.037040
5120.00           1.035055
5122.00           1.004033
5124.00           0.993444
5126.00           0.970860
5128.00           0.974748
5130.00           1.014953
5132.00           1.042004
5134.00           1.035303
5136.00           1.008500
5138.00           0.979712
5140.00           0.971274
5142.00           0.969206
5144.00           0.983434
5146.00           0.999318
5148.00           0.998821
5150.00           1.002544
5152.00           1.044734
5154.00           1.089736
5156.00           1.098919
5158.00           1.054743
5160.00           0.989060
5162.00           0.967303
5164.00           0.986330
5166.00           0.989225
5168.00           0.951254
5170.00           0.913035
5172.00           0.956962
5174.00           1.008914
5176.00           1.023804
5178.00           1.005274
5180.00           1.011478
5182.00           0.995512
5184.00           0.958617
5186.00           0.933551
5188.00           0.928009
5190.00           0.913532
5192.00           0.900130
5194.00           0.954977
5196.00           1.040432
5198.00           1.104130
5200.00           1.102558
5202.00           1.053668
5204.00           0.954481
5206.00           0.860174
5208.00           0.838335
5210.00           0.889541
5212.00           0.932476
5214.00           0.922549
5216.00           0.905342
5218.00           0.924782
5220.00           0.945050
5222.00           0.939673
5224.00           0.946456
5226.00           0.974748
5228.00           1.002213
5230.00           0.981118
5232.00           0.942982
5234.00           0.943726
5236.00           0.974583
5238.00           0.998242
5240.00           1.015532
5242.00           1.017765
5244.00           1.019503
5246.00           1.002709
5248.00           1.002957
5250.00           1.030339
5252.00           1.050028
5254.00           1.043906
5256.00           1.047960
5258.00           1.079561
5260.00           1.103717
5262.00           1.043245
5264.00           0.954812
5266.00           0.912125
5268.00           0.931152
5270.00           0.976982
5272.00           1.016524
5274.00           1.065829
5276.00           1.087833
5278.00           1.059376
5280.00           0.997332
5282.00           0.940831
5284.00           0.941824
5286.00           0.961843
5288.00           0.960850
5290.00           0.945133
5292.00           0.948524
5294.00           0.969619
5296.00           0.966228
5298.00           0.952330
5300.00           0.937770
5302.00           0.921142
5304.00           0.896573
5306.00           0.887225
5308.00           0.885653
5310.00           0.885653
5312.00           0.889128
5314.00           0.906914
5316.00           0.932062
5318.00           0.951833
5320.00           0.993444
5322.00           1.029926
5324.00           1.050442
5326.00           1.057556
5328.00           1.079478
5330.00           1.089736
5332.00           1.056812
5334.00           1.015366
5336.00           0.993775
5338.00           1.001137
5340.00           1.018179
5342.00           1.041507
5344.00           1.035551
5346.00           1.004943
5348.00           0.987405
5350.00           0.999318
5352.00           1.020743
5354.00           1.019420
5356.00           1.018427
5358.00           1.034228
5360.00           1.062023
5362.00           1.083863
5364.00           1.082043
5366.00           1.042252
5368.00           0.982607
5370.00           0.938349
5372.00           0.934957
5374.00           0.963746
5376.00           0.992617
5378.00           1.005522
5380.00           0.997911
5382.00           0.989142
5384.00           0.995016
5386.00           1.008252
5388.00           1.021240
5390.00           1.012223
5392.00           0.981780
5394.00           0.959444
5396.00           0.955970
5398.00           0.976982
5400.00           0.991128
5402.00           0.981863
5404.00           0.964408
5406.00           0.959527
5408.00           0.992369
5410.00           1.018923
5412.00           1.030339
5414.00           1.053337
5416.00           1.079561
5418.00           1.084607
5420.00           1.052923
5422.00           1.038364
5424.00           1.008004
5426.00           0.974004
5428.00           0.960023
5430.00           0.976651
5432.00           1.002709
5434.00           1.000145
5436.00           0.986247
5438.00           0.961760
5440.00           0.938101
5442.00           0.932310
5444.00           0.935950
5446.00           0.941741
5448.00           0.947449
5450.00           0.953157
5452.00           0.958865
5454.00           0.964573
5456.00           0.970281
5458.00           0.976072
5460.00           0.981780
5462.00           0.987405
5464.00           0.993113
5466.00           0.998821
5468.00           1.007921
5470.00           1.022812
5472.00           1.028768
5474.00           1.015945
5476.00           0.985833
5478.00           0.965152
5480.00           0.963746
5482.00           0.956135
5484.00           0.973755
5486.00           1.011065
5488.00           1.033069
5490.00           1.035303
5492.00           1.040432
5494.00           1.074928
5496.00           1.049945
5498.00           1.018510
5500.00           1.009327
5502.00           1.021405
5504.00           1.039522
5506.00           1.041425
5508.00           1.054082
5510.00           1.038281
5512.00           1.034310
5514.00           1.044651
5516.00           1.027527
5518.00           0.981945
5520.00           0.932228
5522.00           0.909478
5524.00           0.912870
5526.00           0.944719
5528.00           0.994354
5530.00           1.021157
5532.00           0.993444
5534.00           0.954067
5536.00           0.938680
5538.00           0.958782
5540.00           0.965731
5542.00           0.968544
5544.00           0.989473
5546.00           1.021074
5548.00           1.028933
5550.00           0.999152
5552.00           0.940914
5554.00           0.877960
5556.00           0.867040
5558.00           0.909065
5560.00           0.963746
5562.00           0.968213
5564.00           0.907410
5566.00           0.827249
5568.00           0.772320
5570.00           0.761648
5572.00           0.781254
5574.00           0.800860
5576.00           0.820466
5578.00           0.840072
5580.00           0.859512
5582.00           0.879118
5584.00           0.898724
5586.00           0.918330
5588.00           0.937936
5590.00           0.957459
5592.00           0.970943
5594.00           1.003950
5596.00           1.033648
5598.00           1.060782
5600.00           1.029926
5602.00           1.008004
5604.00           1.031332
5606.00           1.072860
5608.00           1.077327
5610.00           1.026451
5612.00           0.994933
5614.00           1.003454
5616.00           1.029181
5618.00           1.040349
5620.00           1.021653
5622.00           0.979546
5624.00           0.956549
5626.00           0.977478
5628.00           1.014622
5630.00           0.995678
5632.00           0.925775
5634.00           0.887639
5636.00           0.903605
5638.00           0.933882
5640.00           0.936529
5642.00           0.955721
5644.00           0.989308
5646.00           1.016855
5648.00           1.017021
5650.00           1.012471
5652.00           1.016111
5654.00           1.012967
5656.00           0.991624
5658.00           0.984344
5660.00           0.999566
5662.00           1.015035
5664.00           0.982773
5666.00           0.956301
5668.00           0.959030
5670.00           0.987736
5672.00           1.014622
5674.00           0.985420
5676.00           0.938928
5678.00           0.920232
5680.00           0.944140
5682.00           0.994768
5684.00           1.016111
5686.00           1.037537
5688.00           1.040515
5690.00           1.023060
5692.00           1.017352
5694.00           1.039356
5696.00           1.044651
5698.00           1.015035
5700.00           0.977313
5702.00           0.977478
5704.00           1.014043
5706.00           1.045561
5708.00           1.045644
5710.00           0.982442
5712.00           0.927926
5714.00           0.936116
5716.00           0.962174
5718.00           0.971853
5720.00           0.960106
5722.00           1.001551
5724.00           1.043162
5726.00           1.042169
5728.00           1.009079
5730.00           0.981035
5732.00           0.970612
5734.00           0.957128
5736.00           0.943313
5738.00           0.982524
5740.00           1.039770
5742.00           1.072943
5744.00           1.040846
5746.00           0.988563
5748.00           0.978554
5750.00           1.000310
5752.00           1.019172
5754.00           1.002709
5756.00           0.947945
5758.00           0.897648
5760.00           0.866047
5762.00           0.869108
5764.00           0.906831
5766.00           0.953819
5768.00           0.987157
5770.00           1.009658
5772.00           1.023225
5774.00           1.017931
5776.00           1.000476
5778.00           0.973011
5780.00           0.947035
5782.00           0.922135
5784.00           0.919571
5786.00           0.950923
5788.00           0.998077
5790.00           1.037123
5792.00           1.041921
5794.00           1.008500
5796.00           0.956466
5798.00           0.931235
5800.00           0.934544
5802.00           0.947780
5804.00           0.973838
5806.00           1.012057
5808.00           1.039356
5810.00           1.013712
5812.00           0.971605
5814.00           0.969040
5816.00           1.006432
5818.00           1.016359
5820.00           0.989225
5822.00           0.956880
5824.00           0.958617
5826.00           0.961347
5828.00           0.948938
5830.00           0.928918
5832.00           0.920232
5834.00           0.921308
5836.00           0.952330
5838.00           1.004529
5840.00           1.039026
5842.00           1.039770
5844.00           1.004364
5846.00           0.974335
5848.00           0.973176
5850.00           0.988315
5852.00           0.997829
5854.00           0.973507
5856.00           0.958782
5858.00           0.947945
5860.00           0.927926
5862.00           0.912373
5864.00           0.962257
5866.00           1.059872
5868.00           1.118773
5870.00           1.092052
5872.00           1.042831
5874.00           1.008914
5876.00           0.967468
5878.00           0.914938
5880.00           0.796807
5882.00           0.635410
5884.00           0.505780
5886.00           0.596943
5888.00           0.867371
5890.00           1.082622
5892.00           1.093624
5894.00           1.100904
5896.00           1.185532
5898.00           1.211425
5900.00           1.088826
5902.00           0.936860
5904.00           0.936612
5906.00           0.980622
5908.00           0.939011
5910.00           0.858850
5912.00           0.857858
5914.00           0.943147
5916.00           1.019668
5918.00           1.031001
5920.00           1.054330
5922.00           1.116043
5924.00           1.177176
5926.00           1.176680
5928.00           1.103882
5930.00           1.009741
5932.00           0.961264
5934.00           0.973507
5936.00           0.981449
5938.00           0.946208
5940.00           0.869108
5942.00           0.807313
5944.00           0.810539
5946.00           0.845945
5948.00           0.875065
5950.00           0.874816
5952.00           0.892271
5954.00           0.943561
5956.00           0.997332
5958.00           1.041176
5960.00           1.037206
5962.00           0.990218
5964.00           0.930821
5966.00           0.916262
5968.00           0.922549
5970.00           0.910554
5972.00           0.899551
5974.00           0.903770
5976.00           0.937605
5978.00           0.978967
5980.00           1.016607
5982.00           1.029926
5984.00           1.006266
5986.00           0.978223
5988.00           0.984675
5990.00           1.005026
5992.00           1.012471
5994.00           0.990549
5996.00           0.963828
5998.00           0.950675
6000.00           0.938928
6002.00           0.932807
6004.00           0.956962
6006.00           0.977561
6008.00           0.951833
6010.00           0.919571
6012.00           0.909726
6014.00           0.937770
6016.00           0.940666
6018.00           0.945133
6020.00           0.971605
6022.00           1.000310
6024.00           0.997580
6026.00           0.965152
6028.00           0.947118
6030.00           0.977478
6032.00           1.034724
6034.00           1.090811
6036.00           1.103551
6038.00           1.062354
6040.00           0.985006
6042.00           0.920232
6044.00           0.914359
6046.00           0.937439
6048.00           0.946043
6050.00           0.920150
6052.00           0.884164
6054.00           0.879035
6056.00           0.908403
6058.00           0.943561
6060.00           0.944967
6062.00           0.927512
6064.00           0.924121
6066.00           0.945381
6068.00           0.961512
6070.00           0.974831
6072.00           0.980704
6074.00           0.982773
6076.00           0.995264
6078.00           1.011561
6080.00           1.020826
6082.00           0.988811
6084.00           0.956631
6086.00           0.934875
6088.00           0.909478
6090.00           0.877463
6092.00           0.882427
6094.00           0.921639
6096.00           0.938432
6098.00           0.941906
6100.00           0.950841
6102.00           0.978802
6104.00           0.983683
6106.00           0.992120
6108.00           1.017765
6110.00           1.045644
6112.00           1.046305
6114.00           1.022067
6116.00           1.004612
6118.00           1.008417
6120.00           1.010651
6122.00           0.995926
6124.00           0.959610
6126.00           0.926933
6128.00           0.903274
6130.00           0.890203
6132.00           0.886729
6134.00           0.878953
6136.00           0.875726
6138.00           0.883668
6140.00           0.912208
6142.00           0.965400
6144.00           1.012223
6146.00           1.031580
6148.00           1.012719
6150.00           0.995264
6152.00           0.998077
6154.00           1.008914
6156.00           1.024135
6158.00           1.034807
6160.00           1.032408
6162.00           0.997829
6164.00           0.927430
6166.00           0.865055
6168.00           0.847021
6170.00           0.884164
6172.00           0.936943
6174.00           0.973259
6176.00           0.994271
6178.00           1.001303
6180.00           0.984262
6182.00           0.946870
6184.00           0.913945
6186.00           0.921556
6188.00           0.949352
6190.00           0.967055
6192.00           0.965979
6194.00           0.951337
6196.00           0.939259
6198.00           0.927347
6200.00           0.923707
6202.00           0.914524
6204.00           0.887970
6206.00           0.854466
6208.00           0.824271
6210.00           0.818481
6212.00           0.834116
6214.00           0.849420
6216.00           0.850247
6218.00           0.855541
6220.00           0.890038
6222.00           0.916841
6224.00           0.877463
6226.00           0.788038
6228.00           0.735176
6230.00           0.769425
6232.00           0.859429
6234.00           0.932641
6236.00           0.965235
6238.00           0.963332
6240.00           0.926933
6242.00           0.867950
6244.00           0.826753
6246.00           0.816743
6248.00           0.818150
6250.00           0.793332
6252.00           0.778442
6254.00           0.815006
6256.00           0.905425
6258.00           0.990052
6260.00           0.999235
6262.00           0.937770
6264.00           0.869439
6266.00           0.862159
6268.00           0.875726
6270.00           0.866461
6272.00           0.835522
6274.00           0.814013
6276.00           0.787707
6278.00           0.729055
6280.00           0.673463
6282.00           0.699025
6284.00           0.800033
6286.00           0.869274
6288.00           0.882344
6290.00           0.850578
6292.00           0.850578
6294.00           0.850578
6296.00           0.850578
6298.00           0.850578
6300.00           0.850578
6302.00           0.850578
6304.00           0.850578
6306.00           0.850578
6308.00           0.850578
6310.00           0.847931
6312.00           0.825843
6314.00           0.816082
6316.00           0.829235
6318.00           0.861911
6320.00           0.859843
6322.00           0.831716
6324.00           0.838914
6326.00           0.880111
6328.00           0.922880
6330.00           0.921060
6332.00           0.890948
6334.00           0.858271
6336.00           0.844125
6338.00           0.860836
6340.00           0.880855
6342.00           0.883420
6344.00           0.888218
6346.00           0.940004
6348.00           1.003950
6350.00           1.030422
6352.00           0.980456
6354.00           0.926023
6356.00           0.892768
6358.00           0.891858
6360.00           0.891030
6362.00           0.890203
6364.00           0.889459
6366.00           0.888631
6368.00           0.887804
6370.00           0.887060
6372.00           0.886150
6374.00           0.885322
6376.00           0.884164
6378.00           0.872417
6380.00           0.871176
6382.00           0.900957
6384.00           0.943809
6386.00           0.973425
6388.00           0.967137
6390.00           0.942982
6392.00           0.902943
6394.00           0.866047
6396.00           0.851819
6398.00           0.848841
6400.00           0.855872
6402.00           0.857113
6404.00           0.848179
6406.00           0.824437
6408.00           0.815337
6410.00           0.848675
6412.00           0.899717
6414.00           0.932724
6416.00           0.948773
6418.00           0.966641
6420.00           0.978719
6422.00           0.968627
6424.00           0.943313
6426.00           0.934130
6428.00           0.928174
6430.00           0.920729
6432.00           0.897648
6434.00           0.866130
6436.00           0.866875
6438.00           0.877050
6440.00           0.875809
6442.00           0.851405
6444.00           0.834033
6446.00           0.849006
6448.00           0.851736
6450.00           0.831551
6452.00           0.802845
6454.00           0.779682
6456.00           0.772982
6458.00           0.801108
6460.00           0.841478
6462.00           0.877960
6464.00           0.920067
6466.00           0.983931
6468.00           1.039853
6470.00           1.014870
6472.00           0.934048
6474.00           0.860339
6476.00           0.843712
6478.00           0.859512
6480.00           0.871673
6482.00           0.869356
6484.00           0.855459
6486.00           0.830476
6488.00           0.784977
6490.00           0.743945
6492.00           0.762310
6494.00           0.854631
6496.00           0.973507
6498.00           1.054578
6500.00           1.073936
6502.00           1.025376
6504.00           0.949517
6506.00           0.890782
6508.00           0.871425
6510.00           0.864558
6512.00           0.846359
6514.00           0.833537
6516.00           0.839244
6518.00           0.858437
6520.00           0.877877
6522.00           0.890120
6524.00           0.866213
6526.00           0.850082
6528.00           0.883833
6530.00           0.954812
6532.00           1.011809
6534.00           0.993279
6536.00           0.926850
6538.00           0.870432
6540.00           0.853804
6542.00           0.865965
6544.00           0.834364
6546.00           0.782909
6548.00           0.748247
6550.00           0.769921
6552.00           0.859016
6554.00           0.949517
6556.00           0.963167
6558.00           0.865138
6560.00           0.805245
6562.00           0.832378
6564.00           0.908237
6566.00           0.936364
6568.00           0.897317
6570.00           0.840734
6572.00           0.812028
6574.00           0.862408
6576.00           0.962340
6578.00           1.027941
6580.00           1.008666
6582.00           0.941576
6584.00           0.882179
6586.00           0.863152
6588.00           0.859512
6590.00           0.868612
6592.00           0.888962
6594.00           0.942734
6596.00           1.070461
6598.00           1.238641
6600.00           1.373814
6602.00           1.396977
6604.00           1.354208
6606.00           1.361819
6608.00           1.663848
6610.00           2.525844
6612.00           3.907435
6614.00           5.293991
6616.00           5.926920
6618.00           5.391193
6620.00           4.038058
6622.00           2.554632
6624.00           1.526607
6626.00           1.056232
6628.00           1.008169
6630.00           1.245838
6632.00           1.659464
6634.00           2.101629
6636.00           2.362544
6638.00           2.276510
6640.00           1.909542
6642.00           1.458856
6644.00           1.102476
6646.00           0.897731
6648.00           0.837259
6650.00           0.842471
6652.00           0.853804
6654.00           0.853556
6656.00           0.851571
6658.00           0.855955
6660.00           0.853473
6662.00           0.862738
6664.00           0.887639
6666.00           0.912704
6668.00           0.918743
6670.00           0.901536
6672.00           0.873824
6674.00           0.854880
6676.00           0.853556
6678.00           0.863317
6680.00           0.872500
6682.00           0.871921
6684.00           0.861746
6686.00           0.850909
6688.00           0.843050
6690.00           0.836928
6692.00           0.831468
6694.00           0.833619
6696.00           0.854466
6698.00           0.890203
6700.00           0.914607
6702.00           0.920315
6704.00           0.915682
6706.00           0.915931
6708.00           0.908320
6710.00           0.890369
6712.00           0.881269
6714.00           0.888549
6716.00           0.901123
6718.00           0.892520
6720.00           0.860505
6722.00           0.833537
6724.00           0.838004
6726.00           0.875644
6728.00           0.902116
6730.00           0.898310
6732.00           0.882841
6734.00           0.883337
6736.00           0.879532
6738.00           0.875561
6740.00           0.874734
6742.00           0.885571
6744.00           0.887721
6746.00           0.883502
6748.00           0.896573
6750.00           0.916510
6752.00           0.918412
6754.00           0.899882
6756.00           0.885240
6758.00           0.879945
6760.00           0.899055
6762.00           0.965235
6764.00           1.115629
6766.00           1.349658
6768.00           1.599736
6770.00           1.761712
6772.00           1.744753
6774.00           1.575829
6776.00           1.375055
6778.00           1.272310
6780.00           1.302670
6782.00           1.411537
6784.00           1.503941
6786.00           1.508325
6788.00           1.405415
6790.00           1.246169
6792.00           1.096023
6794.00           0.982276
6796.00           0.918826
6798.00           0.889541
6800.00           0.882262
6802.00           0.874154
6804.00           0.858354
6806.00           0.850826
6808.00           0.851736
6810.00           0.853804
6812.00           0.843381
6814.00           0.826753
6816.00           0.811780
6818.00           0.809546
6820.00           0.807313
6822.00           0.805162
6824.00           0.802928
6826.00           0.800777
6828.00           0.798544
6830.00           0.796310
6832.00           0.794159
6834.00           0.791926
6836.00           0.789775
6838.00           0.787541
6840.00           0.788369
6842.00           0.794656
6844.00           0.814179
6846.00           0.824602
6848.00           0.820962
6850.00           0.804583
6852.00           0.794821
6854.00           0.794573
6856.00           0.794159
6858.00           0.793746
6860.00           0.793332
6862.00           0.792918
6864.00           0.792505
6866.00           0.792174
6868.00           0.791760
6870.00           0.791347
6872.00           0.790933
6874.00           0.790519
6876.00           0.790271
6878.00           0.789858
6880.00           0.789444
6882.00           0.809133
6884.00           0.832627
6886.00           0.843712
6888.00           0.814179
6890.00           0.768845
6892.00           0.731867
6894.00           0.719210
6896.00           0.729965
6898.00           0.761648
6900.00           0.783819
6902.00           0.762724
6904.00           0.698033
6906.00           0.663454
6908.00           0.708952
6910.00           0.802349
6912.00           0.842305
6914.00           0.814262
6916.00           0.769673
6918.00           0.776373
6920.00           0.866047
6922.00           0.972515
6924.00           1.024301
6926.00           0.986826
6928.00           0.864310
6930.00           0.740140
6932.00           0.676524
6934.00           0.708952
6936.00           0.773064
6938.00           0.782081
6940.00           0.752714
6942.00           0.735176
6944.00           0.785308
6946.00           0.891361
6948.00           0.981945
6950.00           1.030422
6952.00           1.023721
6954.00           0.983848
6956.00           0.895249
6958.00           0.799123
6960.00           0.750646
6962.00           0.751060
6964.00           0.781751
6966.00           0.774554
6968.00           0.715074
6970.00           0.667259
6972.00           0.708539
6974.00           0.833867
6976.00           0.934709
6978.00           1.003454
6980.00           1.035965
6982.00           1.030422
6984.00           0.960768
6986.00           0.874734
6988.00           0.812028
6990.00           0.780675
6992.00           0.775463
6994.00           0.766529
6996.00           0.762310
6998.00           0.779434
7000.00           0.819308
7002.00           0.844456
7004.00           0.827911
7006.00           0.821210
7008.00           0.849833
7010.00           0.900875
7012.00           0.934378
7014.00           0.938267
7016.00           0.901867
7018.00           0.850909
7020.00           0.823113
7022.00           0.820549
7024.00           0.826174
7026.00           0.821128
7028.00           0.827415
7030.00           0.838914
7032.00           0.832627
7034.00           0.804252
7036.00           0.785721
7038.00           0.776622
7040.00           0.780923
7042.00           0.796972
7044.00           0.836846
7046.00           0.904515
7048.00           0.964325
7050.00           0.984675
7052.00           0.956052
7054.00           0.907824
7056.00           0.883172
7058.00           0.871425
7060.00           0.866875
7062.00           0.870432
7064.00           0.888135
7066.00           0.891279
7068.00           0.891858
7070.00           0.900461
7072.00           0.913035
7074.00           0.921142
7076.00           0.918661
7078.00           0.921473
7080.00           0.922880
7082.00           0.933717
7084.00           0.960023
7086.00           0.989804
7088.00           1.016028
7090.00           1.014456
7092.00           1.000062
7094.00           1.008252
7096.00           1.030339
7098.00           1.039522
7100.00           0.997580