3650.00           0.000048
3652.00           0.793749
3654.00           0.821230
3656.00           0.827042
3658.00           0.872942
3660.00           0.897025
3662.00           0.866934
3664.00           0.862107
3666.00           0.782717
3668.00           0.714803
3670.00           0.558141
3672.00           0.511846
3674.00           0.624529
3676.00           0.778531
3678.00           0.728543
3680.00           0.653930
3682.00           0.592418
3684.00           0.642209
3686.00           0.689932
3688.00           0.740905
3690.00           0.808918
3692.00           0.860630
3694.00           0.856641
3696.00           0.816108
3698.00           0.811528
3700.00           0.790844
3702.00           0.738344
3704.00           0.610148
3706.00           0.612512
3708.00           0.583110
3710.00           0.717216
3712.00           0.716132
3714.00           0.826746
3716.00           0.758634
3718.00           0.812513
3720.00           0.827928
3722.00           0.843343
3724.00           0.792124
3726.00           0.814434
3728.00           0.858020
3730.00           0.851716
3732.00           0.854720
3734.00           0.885501
3736.00           0.880034
3738.00           0.934405
3740.00           0.842703
3742.00           0.898502
3744.00           0.837729
3746.00           0.903920
3748.00           0.865013
3750.00           0.839600
3752.00           0.781240
3754.00           0.754104
3756.00           0.712833
3758.00           0.744845
3760.00           0.820344
3762.00           0.881413
3764.00           0.891805
3766.00           0.918842
3768.00           0.910125
3770.00           0.862846
3772.00           0.861713
3774.00           0.843343
3776.00           0.889244
3778.00           0.914902
3780.00           0.914804
3782.00           0.908845
3784.00           0.897123
3786.00           0.965235
3788.00           1.093530
3790.00           1.261618
3792.00           1.365041
3794.00           1.346622
3796.00           1.121700
3798.00           0.921403
3800.00           0.716920
3802.00           0.625415
3804.00           0.607439
3806.00           0.640535
3808.00           0.595028
3810.00           0.637432
3812.00           0.677915
3814.00           0.706529
3816.00           0.720417
3818.00           0.781634
3820.00           0.934011
3822.00           1.007146
3824.00           0.961837
3826.00           0.903132
3828.00           0.865604
3830.00           0.895006
3832.00           0.857921
3834.00           0.745731
3836.00           0.704214
3838.00           0.766416
3840.00           0.946521
3842.00           1.009412
3844.00           0.969717
3846.00           0.858611
3848.00           0.857724
3850.00           0.942827
3852.00           0.994342
3854.00           0.897813
3856.00           0.829849
3858.00           0.800004
3860.00           0.821329
3862.00           0.800743
3864.00           0.768041
3866.00           0.821427
3868.00           0.801334
3870.00           0.842112
3872.00           0.870233
3874.00           0.906727
3876.00           0.842013
3878.00           0.751001
3880.00           0.738344
3882.00           0.753808
3884.00           0.793601
3886.00           0.749031
3888.00           0.721205
3890.00           0.680821
3892.00           0.765726
3894.00           0.786411
3896.00           0.831720
3898.00           0.753119
3900.00           0.700126
3902.00           0.674911
3904.00           0.737408
3906.00           0.821230
3908.00           0.853538
3910.00           0.866343
3912.00           0.826205
3914.00           0.905348
3916.00           0.953021
3918.00           1.016701
3920.00           0.970209
3922.00           1.009116
3924.00           1.043049
3926.00           1.078410
3928.00           1.065901
3930.00           1.141006
3932.00           1.178829
3934.00           1.255511
3936.00           1.243445
3938.00           1.168832
3940.00           1.049107
3942.00           0.916823
3944.00           0.894710
3946.00           0.823003
3948.00           0.795522
3950.00           0.837138
3952.00           0.876340
3954.00           0.936129
3956.00           0.912933
3958.00           0.938936
3960.00           0.911307
3962.00           0.905200
3964.00           0.892346
3966.00           0.851125
3968.00           0.830735
3970.00           0.791632
3972.00           0.845018
3974.00           0.924605
3976.00           0.957208
3978.00           1.000005
3980.00           0.952135
3982.00           0.994637
3984.00           0.972820
3986.00           0.947111
3988.00           0.890229
3990.00           0.918744
3992.00           0.908500
3994.00           0.906235
3996.00           0.823102
3998.00           0.761442
4000.00           0.706923
4002.00           0.686928
4004.00           0.714507
4006.00           0.735044
4008.00           0.774739
4010.00           0.870036
4012.00           0.952332
4014.00           0.918941
4016.00           0.871908
4018.00           0.851125
4020.00           0.935538
4022.00           0.917611
4024.00           0.940611
4026.00           0.961148
4028.00           0.980946
4030.00           0.908500
4032.00           0.821033
4034.00           0.769519
4036.00           0.776807
4038.00           0.736029
4040.00           0.721303
4042.00           0.748046
4044.00           0.829504
4046.00           0.912243
4048.00           0.955435
4050.00           0.975233
4052.00           0.932534
4054.00           0.920123
4056.00           0.950214
4058.00           0.985625
4060.00           0.991633
4062.00           0.990746
4064.00           0.964841
4066.00           1.002221
4068.00           1.036647
4070.00           1.118302
4072.00           1.086044
4074.00           1.087324
4076.00           1.112343
4078.00           1.145734
4080.00           1.108009
4082.00           1.077524
4084.00           1.065310
4086.00           1.102148
4088.00           1.095106
4090.00           1.093136
4092.00           1.027733
4094.00           1.044822
4096.00           1.102001
4098.00           1.088703
4100.00           1.058612
4102.00           1.006506
4104.00           1.059646
4106.00           1.100819
4108.00           1.072106
4110.00           1.058119
4112.00           0.991337
4114.00           1.010446
4116.00           1.030934
4118.00           1.071023
4120.00           1.065802
4122.00           1.032510
4124.00           1.082202
4126.00           1.031919
4128.00           1.040537
4130.00           0.974248
4132.00           1.046841
4134.00           1.087718
4136.00           1.148147
4138.00           1.133619
4140.00           1.121109
4142.00           1.077524
4144.00           1.058907
4146.00           1.049107
4148.00           1.023842
4150.00           1.058415
4152.00           1.091806
4154.00           1.087817
4156.00           1.113919
4158.00           1.071515
4160.00           1.119435
4162.00           1.058809
4164.00           1.074815
4166.00           1.071515
4168.00           1.085600
4170.00           1.055805
4172.00           0.980946
4174.00           0.963906
4176.00           0.944403
4178.00           0.978927
4180.00           1.010348
4182.00           1.072205
4184.00           1.115002
4186.00           1.147211
4188.00           1.105202
4190.00           1.096238
4192.00           1.031229
4194.00           1.056642
4196.00           1.048910
4198.00           1.048516
4200.00           1.030244
4202.00           1.004438
4204.00           1.023005
4206.00           1.051520
4208.00           1.088309
4210.00           1.106433
4212.00           1.093924
4214.00           1.077622
4216.00           1.088703
4218.00           1.107615
4220.00           1.085305
4222.00           1.044330
4224.00           1.013844
4226.00           0.968535
4228.00           0.913918
4230.00           0.918104
4232.00           1.021626
4234.00           1.121011
4236.00           1.156815
4238.00           1.081217
4240.00           0.985329
4242.00           0.907220
4244.00           0.947703
4246.00           0.980207
4248.00           0.993110
4250.00           0.946422
4252.00           1.040734
4254.00           1.038814
4256.00           1.031722
4258.00           0.983605
4260.00           0.995031
4262.00           1.031525
4264.00           1.057627
4266.00           1.061715
4268.00           1.084911
4270.00           0.992322
4272.00           0.985034
4274.00           0.931746
4276.00           0.981734
4278.00           0.942531
4280.00           0.964103
4282.00           1.003403
4284.00           1.092249
4286.00           1.088605
4288.00           1.064423
4290.00           1.047531
4292.00           1.071909
4294.00           1.054229
4296.00           1.018425
4298.00           0.964841
4300.00           0.985920
4302.00           0.998626
4304.00           1.010101
4306.00           1.019016
4308.00           1.041522
4310.00           1.060434
4312.00           1.026501
4314.00           0.994637
4316.00           1.020838
4318.00           1.099538
4320.00           1.160115
4322.00           1.147802
4324.00           1.068511
4326.00           0.960310
4328.00           0.925343
4330.00           0.975528
4332.00           1.039405
4334.00           1.052111
4336.00           0.986610
4338.00           0.991239
4340.00           0.985625
4342.00           0.977006
4344.00           0.968437
4346.00           0.965334
4348.00           0.974642
4350.00           0.933420
4352.00           0.929431
4354.00           0.980601
4356.00           1.045315
4358.00           1.081907
4360.00           1.063438
4362.00           1.052308
4364.00           0.997149
4366.00           0.979124
4368.00           0.947407
4370.00           0.989909
4372.00           0.965137
4374.00           0.982620
4376.00           1.007639
4378.00           1.010742
4380.00           0.958439
4382.00           0.892445
4384.00           0.904806
4386.00           0.966319
4388.00           0.999414
4390.00           1.003305
4392.00           1.028127
4394.00           1.126428
4396.00           1.175825
4398.00           1.124310
4400.00           1.036844
4402.00           0.983211
4404.00           1.031525
4406.00           1.099243
4408.00           1.163217
4410.00           1.202223
4412.00           1.162922
4414.00           1.142533
4416.00           1.100622
4418.00           1.100031
4420.00           1.080035
4422.00           1.063931
4424.00           1.077721
4426.00           1.059745
4428.00           1.093136
4430.00           1.087226
4432.00           1.194737
4434.00           1.257234
4436.00           1.375827
4438.00           1.357309
4440.00           1.295649
4442.00           1.189812
4444.00           1.183311
4446.00           1.173215
4448.00           1.127216
4450.00           1.085404
4452.00           1.077622
4454.00           1.025319
4456.00           1.003206
4458.00           0.950017
4460.00           1.015125
4462.00           1.042901
4464.00           1.133717
4466.00           1.155436
4468.00           1.128349
4470.00           1.123621
4472.00           1.125443
4474.00           1.126428
4476.00           1.089934
4478.00           1.081710
4480.00           1.073534
4482.00           1.025221
4484.00           1.037435
4486.00           1.059548
4488.00           1.085305
4490.00           1.049008
4492.00           1.038715
4494.00           1.081217
4496.00           1.107319
4498.00           1.097223
4500.00           1.080626
4502.00           1.059646
4504.00           1.055115
4506.00           1.054426
4508.00           1.028324
4510.00           1.030047
4512.00           0.999513
4514.00           1.068413
4516.00           1.125739
4518.00           1.166419
4520.00           1.173806
4522.00           1.134702
4524.00           1.140612
4526.00           1.104020
4528.00           1.099046
4530.00           1.056445
4532.00           1.022512
4534.00           0.991140
4536.00           1.004339
4538.00           1.035612
4540.00           1.019114
4542.00           1.013106
4544.00           0.988432
4546.00           1.043936
4548.00           1.071417
4550.00           1.104808
4552.00           1.131944
4554.00           1.124704
4556.00           1.111210
4558.00           1.081907
4560.00           1.085748
4562.00           1.133225
4564.00           1.204833
4566.00           1.224533
4568.00           1.214240
4570.00           1.159130
4572.00           1.182326
4574.00           1.167010
4576.00           1.147802
4578.00           1.125936
4580.00           1.148049
4582.00           1.147802
4584.00           1.126527
4586.00           1.126428
4588.00           1.175727
4590.00           1.207345
4592.00           1.190502
4594.00           1.211826
4596.00           1.241918
4598.00           1.255511
4600.00           1.235220
4602.00           1.222908
4604.00           1.206311
4606.00           1.139529
4608.00           1.041621
4610.00           1.025713
4612.00           1.051225
4614.00           1.082941
4616.00           1.103330
4618.00           1.146916
4620.00           1.210743
4622.00           1.236303
4624.00           1.229015
4626.00           1.196904
4628.00           1.190945
4630.00           1.191437
4632.00           1.179420
4634.00           1.152235
4636.00           1.162035
4638.00           1.188827
4640.00           1.240243
4642.00           1.208034
4644.00           1.154500
4646.00           1.142533
4648.00           1.163217
4650.00           1.191240
4652.00           1.177401
4654.00           1.181341
4656.00           1.165335
4658.00           1.139430
4660.00           1.117317
4662.00           1.109733
4664.00           1.094121
4666.00           1.110225
4668.00           1.152530
4670.00           1.142927
4672.00           1.127610
4674.00           1.081710
4676.00           1.096337
4678.00           1.105744
4680.00           1.102542
4682.00           1.100720
4684.00           1.119927
4686.00           1.204538
4688.00           1.247335
4690.00           1.203208
4692.00           1.168733
4694.00           1.163414
4696.00           1.196805
4698.00           1.209807
4700.00           1.228522
4702.00           1.231526
4704.00           1.207837
4706.00           1.167305
4708.00           1.201238
4710.00           1.197446
4712.00           1.192619
4714.00           1.138642
4716.00           1.122242
4718.00           1.124212
4720.00           1.109437
4722.00           1.121700
4724.00           1.131501
4726.00           1.107615
4728.00           1.088211
4730.00           1.063143
4732.00           1.068216
4734.00           1.093431
4736.00           1.126625
4738.00           1.186020
4740.00           1.188729
4742.00           1.173511
4744.00           1.138741
4746.00           1.119927
4748.00           1.090328
4750.00           1.081414
4752.00           1.097913
4754.00           1.098307
4756.00           1.100425
4758.00           1.119139
4760.00           1.158440
4762.00           1.189221
4764.00           1.185330
4766.00           1.195525
4768.00           1.185232
4770.00           1.163611
4772.00           1.122537
4774.00           1.111506
4776.00           1.097125
4778.00           1.090821
4780.00           1.073141
4782.00           1.097223
4784.00           1.109339
4786.00           1.109043
4788.00           1.079247
4790.00           1.046103
4792.00           1.037435
4794.00           1.065113
4796.00           1.095647
4798.00           1.145635
4800.00           1.178632
4802.00           1.184641
4804.00           1.153515
4806.00           1.136032
4808.00           1.123523
4810.00           1.109930
4812.00           1.107319
4814.00           1.128546
4816.00           1.136229
4818.00           1.135835
4820.00           1.161149
4822.00           1.177106
4824.00           1.137608
4826.00           1.096337
4828.00           1.100819
4830.00           1.121306
4832.00           1.138100
4834.00           1.105842
4836.00           1.124508
4838.00           1.123621
4840.00           1.122242
4842.00           1.117120
4844.00           1.141400
4846.00           1.172427
4848.00           1.147704
4850.00           1.129235
4852.00           1.168339
4854.00           1.175530
4856.00           1.195525
4858.00           1.160115
4860.00           1.155239
4862.00           1.140908
4864.00           1.132831
4866.00           1.131649
4868.00           1.115101
4870.00           1.104315
4872.00           1.088211
4874.00           1.074126
4876.00           1.135736
4878.00           1.172920
4880.00           1.176810
4882.00           1.137805
4884.00           1.148246
4886.00           1.158342
4888.00           1.147310
4890.00           1.167207
4892.00           1.181834
4894.00           1.206409
4896.00           1.206705
4898.00           1.249305
4900.00           1.258712
4902.00           1.243740
4904.00           1.228916
4906.00           1.226306
4908.00           1.204341
4910.00           1.176712
4912.00           1.151348
4914.00           1.154648
4916.00           1.177106
4918.00           1.202026
4920.00           1.206212
4922.00           1.183016
4924.00           1.189911
4926.00           1.218623
4928.00           1.226503
4930.00           1.214634
4932.00           1.249404
4934.00           1.294122
4936.00           1.312640
4938.00           1.296437
4940.00           1.318747
4942.00           1.361840
4944.00           1.438915
4946.00           1.460437
4948.00           1.419905
4950.00           1.284814
4952.00           1.191733
4954.00           1.178041
4956.00           1.176515
4958.00           1.146817
4960.00           1.117219
4962.00           1.134210
4964.00           1.186414
4966.00           1.207837
4968.00           1.204833
4970.00           1.159425
4972.00           1.142631
4974.00           1.120124
4976.00           1.155141
4978.00           1.155732
4980.00           1.157701
4982.00           1.152038
4984.00           1.142237
4986.00           1.130910
4988.00           1.074421
4990.00           1.057036
4992.00           1.087324
4994.00           1.113722
4996.00           1.116135
4998.00           1.117219
5000.00           1.111801
5002.00           1.105300
5004.00           1.058021
5006.00           1.067132
5008.00           1.067723
5010.00           1.080823
5012.00           1.097420
5014.00           1.119336
5016.00           1.133717
5018.00           1.134948
5020.00           1.147605
5022.00           1.148344
5024.00           1.147901
5026.00           1.142336
5028.00           1.170408
5030.00           1.169029
5032.00           1.205818
5034.00           1.244824
5036.00           1.301706
5038.00           1.389025
5040.00           1.549529
5042.00           1.736479
5044.00           1.822567
5046.00           1.703975
5048.00           1.484520
5050.00           1.281613
5052.00           1.207345
5054.00           1.177647
5056.00           1.115643
5058.00           1.066147
5060.00           1.046940
5062.00           1.051816
5064.00           1.030047
5066.00           0.998725
5068.00           0.985625
5070.00           1.016011
5072.00           1.055312
5074.00           1.094515
5076.00           1.111309
5078.00           1.119927
5080.00           1.187005
5082.00           1.283731
5084.00           1.512641
5086.00           1.862656
5088.00           2.379971
5090.00           2.931464
5092.00           3.227452
5094.00           3.093297
5096.00           2.504473
5098.00           1.840789
5100.00           1.341007
5102.00           1.105546
5104.00           1.005423
5106.00           0.985231
5108.00           0.980207
5110.00           0.982916
5112.00           0.991140
5114.00           1.005718
5116.00           1.002517
5118.00           0.991436
5120.00           0.946915
5122.00           0.947604
5124.00           0.940906
5126.00           0.985034
5128.00           1.010742
5130.00           1.002714
5132.00           0.974346
5134.00           0.972820
5136.00           1.011530
5138.00           1.056100
5140.00           1.048417
5142.00           1.010348
5144.00           0.970948
5146.00           0.951446
5148.00           0.972524
5150.00           0.985526
5152.00           0.983113
5154.00           0.971835
5156.00           0.983211
5158.00           1.026945
5160.00           1.041719
5162.00           1.015223
5164.00           1.002911
5166.00           1.002221
5168.00           0.998035
5170.00           0.998035
5172.00           0.997740
5174.00           1.023743
5176.00           1.034923
5178.00           1.037632
5180.00           1.031229
5182.00           1.003945
5184.00           0.997740
5186.00           1.002813
5188.00           0.999513
5190.00           0.980503
5192.00           1.013401
5194.00           1.056839
5196.00           1.052209
5198.00           0.997149
5200.00           0.973509
5202.00           1.021330
5204.00           1.075603
5206.00           1.066935
5208.00           1.004930
5210.00           0.936030
5212.00           0.913031
5214.00           0.937015
5216.00           0.968240
5218.00           0.976907
5220.00           0.950805
5222.00           0.926131
5224.00           0.937409
5226.00           0.978139
5228.00           1.012121
5230.00           1.028915
5232.00           1.037041
5234.00           1.058513
5236.00           1.094909
5238.00           1.105940
5240.00           1.073141
5242.00           1.018129
5244.00           1.009707
5246.00           1.048319
5248.00           1.070826
5250.00           1.036302
5252.00           0.985526
5254.00           0.963314
5256.00           0.967846
5258.00           0.974248
5260.00           0.931549
5262.00           0.862403
5264.00           0.832016
5266.00           0.842407
5268.00           0.879344
5270.00           0.889638
5272.00           0.890032
5274.00           0.884516
5276.00           0.872302
5278.00           0.885402
5280.00           0.927806
5282.00           0.981340
5284.00           1.012712
5286.00           0.995327
5288.00           0.959522
5290.00           0.953021
5292.00           0.987447
5294.00           1.000843
5296.00           0.978533
5298.00           0.954548
5300.00           0.982128
5302.00           1.038321
5304.00           1.045512
5306.00           0.990648
5308.00           0.947013
5310.00           0.965038
5312.00           1.007442
5314.00           0.991534
5316.00           0.942630
5318.00           0.943221
5320.00           0.998626
5322.00           1.033347
5324.00           1.013106
5326.00           0.971638
5328.00           0.973115
5330.00           1.005127
5332.00           1.020838
5334.00           1.012121
5336.00           0.993701
5338.00           0.983113
5340.00           0.970209
5342.00           0.952726
5344.00           0.954942
5346.00           0.966417
5348.00           0.975331
5350.00           0.982817
5352.00           1.010939
5354.00           1.034726
5356.00           1.016602
5358.00           0.954844
5360.00           0.915247
5362.00           0.948934
5364.00           1.009904
5366.00           1.011234
5368.00           0.982719
5370.00           0.988629
5372.00           1.053342
5374.00           1.085945
5376.00           1.076046
5378.00           1.061124
5380.00           1.077425
5382.00           1.096337
5384.00           1.088112
5386.00           1.067132
5388.00           1.067132
5390.00           1.075406
5392.00           1.064719
5394.00           1.046447
5396.00           1.083828
5398.00           1.135638
5400.00           1.142336
5402.00           1.078607
5404.00           1.028422
5406.00           1.027733
5408.00           1.052308
5410.00           1.062503
5412.00           1.066837
5414.00           1.054820
5416.00           1.023645
5418.00           0.976218
5420.00           0.936523
5422.00           0.942137
5424.00           0.983014
5426.00           1.016947
5428.00           1.021330
5430.00           0.994933
5432.00           0.983802
5434.00           1.009904
5436.00           1.026501
5438.00           1.021330
5440.00           1.015223
5442.00           1.033446
5444.00           1.068511
5446.00           1.072648
5448.00           1.066837
5450.00           1.059301
5452.00           1.022611
5454.00           0.952529
5456.00           0.945732
5458.00           1.008328
5460.00           1.067920
5462.00           1.009018
5464.00           0.948047
5466.00           0.974346
5468.00           1.063241
5470.00           1.081119
5472.00           1.044822
5474.00           1.020641
5476.00           1.025024
5478.00           1.002813
5480.00           0.969618
5482.00           0.965826
5484.00           0.991928
5486.00           1.017439
5488.00           1.030540
5490.00           1.040734
5492.00           1.020444
5494.00           0.984048
5496.00           0.955730
5498.00           0.958143
5500.00           0.970603
5502.00           0.964349
5504.00           0.948737
5506.00           0.950510
5508.00           0.978631
5510.00           1.017439
5512.00           1.040931
5514.00           1.062946
5516.00           1.079001
5518.00           1.089146
5520.00           1.091412
5522.00           1.083532
5524.00           1.060533
5526.00           1.024827
5528.00           1.004438
5530.00           0.996213
5532.00           0.993849
5534.00           0.991633
5536.00           0.994637
5538.00           0.989318
5540.00           0.971145
5542.00           0.958833
5544.00           0.978040
5546.00           1.010742
5548.00           1.023202
5550.00           1.004438
5552.00           0.996509
5554.00           1.011234
5556.00           1.023645
5558.00           1.004241
5560.00           0.970505
5562.00           0.961739
5564.00           0.982817
5566.00           0.995918
5568.00           0.996509
5570.00           0.983113
5572.00           0.983113
5574.00           0.983113
5576.00           0.983113
5578.00           0.983113
5580.00           0.983113
5582.00           0.983113
5584.00           0.983113
5586.00           0.983113
5588.00           0.983113
5590.00           0.983113
5592.00           1.015026
5594.00           1.012810
5596.00           1.017735
5598.00           0.990943
5600.00           0.976415
5602.00           0.954203
5604.00           0.938542
5606.00           0.956420
5608.00           0.985526
5610.00           1.000005
5612.00           1.001631
5614.00           0.988038
5616.00           0.966220
5618.00           0.972820
5620.00           0.998232
5622.00           1.024925
5624.00           1.020148
5626.00           0.995622
5628.00           0.978828
5630.00           0.967846
5632.00           0.988924
5634.00           1.020000
5636.00           1.036401
5638.00           1.028619
5640.00           1.020148
5642.00           1.020739
5644.00           1.008427
5646.00           0.984147
5648.00           0.975331
5650.00           0.994440
5652.00           1.026748
5654.00           1.034824
5656.00           1.019311
5658.00           0.997444
5660.00           0.979813
5662.00           0.983211
5664.00           1.004832
5666.00           1.039405
5668.00           1.063241
5670.00           1.054327
5672.00           1.039109
5674.00           1.043345
5676.00           1.052407
5678.00           1.034135
5680.00           0.976513
5682.00           0.941103
5684.00           0.934602
5686.00           0.958734
5688.00           0.991436
5690.00           1.006309
5692.00           1.008722
5694.00           1.001335
5696.00           1.006802
5698.00           1.011333
5700.00           1.008131
5702.00           1.015617
5704.00           1.032707
5706.00           1.038814
5708.00           1.028816
5710.00           1.003108
5712.00           0.978631
5714.00           0.967747
5716.00           0.964201
5718.00           0.968338
5720.00           0.983704
5722.00           0.978730
5724.00           0.955927
5726.00           0.940020
5728.00           0.948638
5730.00           0.962527
5732.00           0.941103
5734.00           0.923718
5736.00           0.942334
5738.00           0.993110
5740.00           1.032904
5742.00           1.026649
5744.00           1.005029
5746.00           1.007737
5748.00           1.043345
5750.00           1.055706
5752.00           1.013844
5754.00           0.945634
5756.00           0.901014
5758.00           0.903132
5760.00           0.938148
5762.00           0.976415
5764.00           1.001335
5766.00           1.020838
5768.00           1.040439
5770.00           1.048417
5772.00           1.039306
5774.00           1.034628
5776.00           1.050929
5778.00           1.058119
5780.00           1.052603
5782.00           1.016504
5784.00           0.957946
5786.00           0.912440
5788.00           0.904314
5790.00           0.946816
5792.00           0.986117
5794.00           1.006309
5796.00           1.006605
5798.00           0.987200
5800.00           0.961345
5802.00           0.956715
5804.00           0.978336
5806.00           1.009904
5808.00           1.039946
5810.00           1.058809
5812.00           1.064029
5814.00           1.047334
5816.00           1.040143
5818.00           1.063832
5820.00           1.105202
5822.00           1.118204
5824.00           1.101705
5826.00           1.072106
5828.00           1.053835
5830.00           1.062847
5832.00           1.074520
5834.00           1.075800
5836.00           1.061715
5838.00           1.059006
5840.00           1.064128
5842.00           1.046940
5844.00           1.017538
5846.00           1.009116
5848.00           1.016504
5850.00           1.010348
5852.00           1.022020
5854.00           1.045807
5856.00           1.066837
5858.00           1.039946
5860.00           0.999907
5862.00           0.990746
5864.00           1.013007
5866.00           1.044231
5868.00           1.062306
5870.00           1.040537
5872.00           0.986610
5874.00           0.975331
5876.00           1.002025
5878.00           1.033938
5880.00           1.012515
5882.00           0.992913
5884.00           0.995622
5886.00           1.011628
5888.00           1.013303
5890.00           1.014928
5892.00           1.016504
5894.00           1.018228
5896.00           1.019804
5898.00           1.021429
5900.00           1.023103
5902.00           1.025122
5904.00           1.039405
5906.00           1.042606
5908.00           1.018425
5910.00           0.991337
5912.00           0.984147
5914.00           1.015716
5916.00           1.051619
5918.00           1.065408
5920.00           1.064719
5922.00           1.054918
5924.00           1.054426
5926.00           1.071712
5928.00           1.095106
5930.00           1.119435
5932.00           1.122242
5934.00           1.081414
5936.00           1.023743
5938.00           0.984541
5940.00           0.976316
5942.00           0.994243
5944.00           1.009116
5946.00           1.027733
5948.00           1.057725
5950.00           1.086832
5952.00           1.102001
5954.00           1.081513
5956.00           1.034135
5958.00           1.002123
5960.00           1.012515
5962.00           1.047728
5964.00           1.059548
5966.00           1.035908
5968.00           1.029112
5970.00           1.044527
5972.00           1.059942
5974.00           1.037927
5976.00           0.997740
5978.00           0.986905
5980.00           0.996312
5982.00           0.993948
5984.00           0.976316
5986.00           0.951347
5988.00           0.951642
5990.00           0.961837
5992.00           0.976710
5994.00           0.982522
5996.00           0.959719
5998.00           0.932238
6000.00           0.934011
6002.00           0.967846
6004.00           0.999611
6006.00           0.991731
6008.00           0.968141
6010.00           0.962034
6012.00           0.980749
6014.00           1.020641
6016.00           1.040833
6018.00           1.034628
6020.00           1.024334
6022.00           1.032608
6024.00           1.057135
6026.00           1.049747
6028.00           1.035810
6030.00           1.010742
6032.00           0.982325
6034.00           0.972918
6036.00           1.010446
6038.00           1.047826
6040.00           1.020000
6042.00           0.969028
6044.00           0.942925
6046.00           0.959818
6048.00           0.975430
6050.00           0.986314
6052.00           0.986117
6054.00           0.971835
6056.00           0.955829
6058.00           0.957306
6060.00           0.987003
6062.00           1.027831
6064.00           1.047826
6066.00           1.036204
6068.00           1.013106
6070.00           1.014238
6072.00           1.029949
6074.00           1.044428
6076.00           1.030244
6078.00           0.981143
6080.00           0.939035
6082.00           0.917316
6084.00           0.918744
6086.00           0.917119
6088.00           0.910027
6090.00           0.916626
6092.00           0.929333
6094.00           0.938838
6096.00           0.953612
6098.00           0.966811
6100.00           0.971933
6102.00           0.963413
6104.00           0.930712
6106.00           0.899143
6108.00           0.901901
6110.00           0.932829
6112.00           0.968831
6114.00           0.973411
6116.00           0.979419
6118.00           0.997001
6120.00           1.016307
6122.00           1.026009
6124.00           1.020247
6126.00           1.005521
6128.00           0.989121
6130.00           0.990402
6132.00           0.985428
6134.00           0.956617
6136.00           0.924309
6138.00           0.949229
6140.00           0.988727
6142.00           1.006014
6144.00           1.015125
6146.00           1.037730
6148.00           1.066443
6150.00           1.052603
6152.00           1.036007
6154.00           1.048811
6156.00           1.065408
6158.00           1.043148
6160.00           0.989712
6162.00           0.956518
6164.00           0.967944
6166.00           0.973903
6168.00           0.976809
6170.00           0.978237
6172.00           0.986511
6174.00           0.975331
6176.00           0.970800
6178.00           0.986314
6180.00           1.004339
6182.00           1.038715
6184.00           1.071614
6186.00           1.091806
6188.00           1.071121
6190.00           1.036548
6192.00           1.017341
6194.00           1.008525
6196.00           1.004339
6198.00           0.996607
6200.00           0.986413
6202.00           0.979222
6204.00           0.963216
6206.00           0.955730
6208.00           0.961640
6210.00           0.972327
6212.00           0.960113
6214.00           0.947949
6216.00           0.974346
6218.00           1.011924
6220.00           1.026649
6222.00           1.000547
6224.00           0.963314
6226.00           0.925245
6228.00           0.899537
6230.00           0.903132
6232.00           0.937409
6234.00           0.983507
6236.00           1.012515
6238.00           1.003108
6240.00           0.961246
6242.00           0.924605
6244.00           0.914410
6246.00           0.917513
6248.00           0.894710
6250.00           0.885008
6252.00           0.920714
6254.00           0.978927
6256.00           1.000941
6258.00           0.990008
6260.00           0.983408
6262.00           0.942925
6264.00           0.886830
6266.00           0.840241
6268.00           0.842604
6270.00           0.859202
6272.00           0.859940
6274.00           0.850928
6276.00           0.833346
6278.00           0.820541
6280.00           0.817931
6282.00           0.828421
6284.00           0.863536
6286.00           0.906530
6288.00           0.936917
6290.00           0.931943
6292.00           0.906727
6294.00           0.885845
6296.00           0.874912
6298.00           0.875306
6300.00           0.875700
6302.00           0.876143
6304.00           0.876537
6306.00           0.876931
6308.00           0.877325
6310.00           0.877719
6312.00           0.878113
6314.00           0.878409
6316.00           0.871809
6318.00           0.862501
6320.00           0.864915
6322.00           0.870529
6324.00           0.874026
6326.00           0.869741
6328.00           0.876340
6330.00           0.898207
6332.00           0.924506
6334.00           0.942728
6336.00           0.937705
6338.00           0.913130
6340.00           0.884023
6342.00           0.869642
6344.00           0.884122
6346.00           0.903723
6348.00           0.901605
6350.00           0.874814
6352.00           0.859005
6354.00           0.859300
6356.00           0.846939
6358.00           0.845609
6360.00           0.851716
6362.00           0.869445
6364.00           0.873238
6366.00           0.862304
6368.00           0.841816
6370.00           0.810642
6372.00           0.813646
6374.00           0.849007
6376.00           0.894513
6378.00           0.919433
6380.00           0.906038
6382.00           0.879344
6384.00           0.868116
6386.00           0.899832
6388.00           0.943221
6390.00           0.965137
6392.00           0.958242
6394.00           0.930416
6396.00           0.911849
6398.00           0.915444
6400.00           0.939823
6402.00           0.972327
6404.00           0.988727
6406.00           0.984541
6408.00           0.961936
6410.00           0.947801
6412.00           0.961542
6414.00           0.988038
6416.00           0.996312
6418.00           0.965629
6420.00           0.911209
6422.00           0.877818
6424.00           0.888111
6426.00           0.910716
6428.00           0.916429
6430.00           0.915444
6432.00           0.933913
6434.00           0.957848
6436.00           0.955139
6438.00           0.940611
6440.00           0.922635
6442.00           0.913130
6444.00           0.904511
6446.00           0.904806
6448.00           0.912736
6450.00           0.908943
6452.00           0.891805
6454.00           0.885747
6456.00           0.900719
6458.00           0.935242
6460.00           0.966122
6462.00           0.984837
6464.00           0.983605
6466.00           0.957405
6468.00           0.940118
6470.00           0.935341
6472.00           0.931844
6474.00           0.909731
6476.00           0.915838
6478.00           0.952627
6480.00           0.980503
6482.00           0.966713
6484.00           0.941005
6486.00           0.931549
6488.00           0.925639
6490.00           0.923915
6492.00           0.921009
6494.00           0.925639
6496.00           0.937015
6498.00           0.967402
6500.00           0.984344
6502.00           0.967846
6504.00           0.970505
6506.00           0.979912
6508.00           0.983014
6510.00           0.946324
6512.00           0.910421
6514.00           0.894021
6516.00           0.884122
6518.00           0.901014
6520.00           0.948441
6522.00           0.977006
6524.00           0.952430
6526.00           0.911012
6528.00           0.896631
6530.00           0.931007
6532.00           0.973017
6534.00           0.999808
6536.00           0.999710
6538.00           0.970800
6540.00           0.937409
6542.00           0.932140
6544.00           0.951938
6546.00           0.974642
6548.00           0.978040
6550.00           0.969028
6552.00           0.963709
6554.00           0.964103
6556.00           0.976119
6558.00           0.984541
6560.00           0.984541
6562.00           0.985231
6564.00           0.998134
6566.00           1.022414
6568.00           1.032017
6570.00           1.015125
6572.00           0.996115
6574.00           0.993948
6576.00           1.016110
6578.00           1.043936
6580.00           1.073337
6582.00           1.098011
6584.00           1.097026
6586.00           1.099735
6588.00           1.108107
6590.00           1.126724
6592.00           1.149822
6594.00           1.171344
6596.00           1.196805
6598.00           1.208724
6600.00           1.232019
6602.00           1.260239
6604.00           1.268020
6606.00           1.249945
6608.00           1.227340
6610.00           1.223942
6612.00           1.243248
6614.00           1.275703
6616.00           1.316530
6618.00           1.350513
6620.00           1.370803
6622.00           1.392424
6624.00           1.411335
6626.00           1.424731
6628.00           1.420447
6630.00           1.421826
6632.00           1.436305
6634.00           1.455413
6636.00           1.485948
6638.00           1.515005
6640.00           1.527514
6642.00           1.508504
6644.00           1.485505
6646.00           1.497817
6648.00           1.539236
6650.00           1.570214
6652.00           1.584102
6654.00           1.590012
6656.00           1.633351
6658.00           1.736282
6660.00           1.846453
6662.00           1.926089
6664.00           1.952487
6666.00           1.970463
6668.00           2.037294
6670.00           2.155492
6672.00           2.307377
6674.00           2.434785
6676.00           2.450495
6678.00           2.328751
6680.00           2.120279
6682.00           1.910477
6684.00           1.763862
6686.00           1.675262
6688.00           1.651081
6690.00           1.671963
6692.00           1.724068
6694.00           1.802079
6696.00           1.880484
6698.00           1.909196
6700.00           1.843892
6702.00           1.718158
6704.00           1.599714
6706.00           1.507125
6708.00           1.419215
6710.00           1.352532
6712.00           1.319535
6714.00           1.324804
6716.00           1.320618
6718.00           1.297520
6720.00           1.259106
6722.00           1.212615
6724.00           1.176712
6726.00           1.166714
6728.00           1.169718
6730.00           1.158933
6732.00           1.141548
6734.00           1.126330
6736.00           1.121848
6738.00           1.111604
6740.00           1.083040
6742.00           1.064620
6744.00           1.073141
6746.00           1.091806
6748.00           1.096238
6750.00           1.076145
6752.00           1.063340
6754.00           1.054426
6756.00           1.045807
6758.00           1.033002
6760.00           1.012022
6762.00           0.992618
6764.00           0.988826
6766.00           1.008033
6768.00           1.028915
6770.00           1.031328
6772.00           1.019902
6774.00           1.014632
6776.00           1.022414
6778.00           1.027930
6780.00           1.019016
6782.00           1.011628
6784.00           1.025221
6786.00           1.040143
6788.00           1.032805
6790.00           1.018031
6792.00           0.997149
6794.00           0.977843
6796.00           0.953317
6798.00           0.947013
6800.00           0.955139
6802.00           0.954302
6804.00           0.942827
6806.00           0.936326
6808.00           0.940414
6810.00           0.941743
6812.00           0.921403
6814.00           0.899931
6816.00           0.888702
6818.00           0.883038
6820.00           0.870627
6822.00           0.860630
6824.00           0.887520
6826.00           0.962625
6828.00           1.061616
6830.00           1.143715
6832.00           1.168142
6834.00           1.132338
6836.00           1.065901
6838.00           0.995425
6840.00           0.948638
6842.00           0.959719
6844.00           1.014534
6846.00           1.073731
6848.00           1.078115
6850.00           1.036204
6852.00           0.981340
6854.00           0.928003
6856.00           0.870627
6858.00           0.840733
6860.00           0.870923
6862.00           0.962428
6864.00           1.036105
6866.00           1.001532
6868.00           0.862748
6870.00           0.721008
6872.00           0.651320
6874.00           0.652108
6876.00           0.670921
6878.00           0.715147
6880.00           0.776709
6882.00           0.820344
6884.00           0.810937
6886.00           0.794143
6888.00           0.796803
6890.00           0.818325
6892.00           0.817438
6894.00           0.788135
6896.00           0.753020
6898.00           0.736423
6900.00           0.758437
6902.00           0.806948
6904.00           0.835316
6906.00           0.814237
6908.00           0.785032
6910.00           0.782816
6912.00           0.815517
6914.00           0.837433
6916.00           0.843639
6918.00           0.844722
6920.00           0.858709
6922.00           0.901605
6924.00           0.954203
6926.00           0.968732
6928.00           0.911307
6930.00           0.845412
6932.00           0.816108
6934.00           0.836005
6936.00           0.861122
6938.00           0.863930
6940.00           0.851617
6942.00           0.833641
6944.00           0.829012
6946.00           0.868510
6948.00           0.940315
6950.00           1.011234
6952.00           1.031229
6954.00           0.983113
6956.00           0.910421
6958.00           0.859103
6960.00           0.843343
6962.00           0.859103
6964.00           0.878212
6966.00           0.890721
6968.00           0.897123
6970.00           0.885304
6972.00           0.862009
6974.00           0.857035
6976.00           0.878310
6978.00           0.920812
6980.00           0.941940
6982.00           0.929628
6984.00           0.897813
6986.00           0.864324
6988.00           0.852307
6990.00           0.862107
6992.00           0.873829
6994.00           0.868510
6996.00           0.847136
6998.00           0.836547
7000.00           0.854129
7002.00           0.884516
7004.00           0.892543
7006.00           0.876734
7008.00           0.864816
7010.00           0.874617
7012.00           0.895843
7014.00           0.907614
7016.00           0.906235
7018.00           0.900226
7020.00           0.889441
7022.00           0.883137
7024.00           0.890524
7026.00           0.894021
7028.00           0.885747
7030.00           0.865801
7032.00           0.863733
7034.00           0.857133
7036.00           0.844328
7038.00           0.849401
7040.00           0.874420
7042.00           0.890820
7044.00           0.878901
7046.00           0.884417
7048.00           0.917414
7050.00           0.959030
7052.00           0.974937
7054.00           0.959030
7056.00           0.921108
7058.00           0.881610
7060.00           0.866835
7062.00           0.890721
7064.00           0.927116
7066.00           0.949525
7068.00           0.951249
7070.00           0.946028
7072.00           0.935833
7074.00           0.914115
7076.00           0.901507
7078.00           0.899931
7080.00           0.905447
7082.00           0.905939
7084.00           0.911110
7086.00           0.925639
7088.00           0.938838
7090.00           0.943812
7092.00           0.952726
7094.00           0.957602
7096.00           0.944748
7098.00           0.905644
7100.00           0.852947