3650.00           1.429273
3652.00           1.326924
3654.00           1.414227
3656.00           1.422771
3658.00           1.361660
3660.00           1.394166
3662.00           1.300548
3664.00           1.206745
3666.00           1.238136
3668.00           1.212317
3670.00           1.271385
3672.00           1.278630
3674.00           1.250024
3676.00           1.263027
3678.00           1.307235
3680.00           1.314665
3682.00           1.235350
3684.00           1.289960
3686.00           1.309278
3688.00           1.427044
3690.00           1.347171
3692.00           1.299805
3694.00           1.312250
3696.00           1.315408
3698.00           1.330268
3700.00           1.275843
3702.00           1.314665
3704.00           1.229034
3706.00           1.333983
3708.00           1.355344
3710.00           1.318009
3712.00           1.329339
3714.00           1.281602
3716.00           1.258569
3718.00           1.245566
3720.00           1.271571
3722.00           1.284202
3724.00           1.270271
3726.00           1.382649
3728.00           1.428715
3730.00           1.461407
3732.00           2.016241
3734.00           4.337739
3736.00           9.072867
3738.00          12.660620
3740.00          11.632120
3742.00           7.045040
3744.00           3.186835
3746.00           1.747276
3748.00           1.418685
3750.00           1.431873
3752.00           1.473295
3754.00           1.525491
3756.00           1.403825
3758.00           1.281416
3760.00           1.310578
3762.00           1.236464
3764.00           1.291632
3766.00           1.455277
3768.00           1.545923
3770.00           1.617065
3772.00           1.660716
3774.00           1.434845
3776.00           1.504501
3778.00           1.434845
3780.00           1.380606
3782.00           1.338069
3784.00           1.376148
3786.00           1.474224
3788.00           1.513417
3790.00           1.633040
3792.00           1.696195
3794.00           1.688950
3796.00           1.753220
3798.00           1.721828
3800.00           1.673162
3802.00           1.643256
3804.00           1.491870
3806.00           1.397881
3808.00           1.414412
3810.00           1.409955
3812.00           1.434474
3814.00           1.517689
3816.00           1.592361
3818.00           1.599605
3820.00           1.720342
3822.00           1.735202
3824.00           1.707711
3826.00           1.755820
3828.00           1.753591
3830.00           1.733716
3832.00           1.643628
3834.00           1.681706
3836.00           1.600162
3838.00           1.593289
3840.00           1.477567
3842.00           1.421285
3844.00           1.425000
3846.00           1.358130
3848.00           1.388408
3850.00           1.301291
3852.00           1.344013
3854.00           1.439117
3856.00           1.565984
3858.00           1.611864
3860.00           1.661645
3862.00           1.717556
3864.00           1.755077
3866.00           1.783125
3868.00           1.746533
3870.00           1.759721
3872.00           1.787583
3874.00           1.807087
3876.00           1.899776
3878.00           2.212764
3880.00           2.452567
3882.00           2.268861
3884.00           1.984849
3886.00           1.816560
3888.00           1.811545
3890.00           1.708640
3892.00           1.597747
3894.00           1.451562
3896.00           1.574157
3898.00           1.732973
3900.00           1.908135
3902.00           1.818975
3904.00           1.578987
3906.00           1.486855
3908.00           1.538865
3910.00           1.632111
3912.00           1.698052
3914.00           1.648085
3916.00           1.662946
3918.00           1.683935
3920.00           1.686907
3922.00           1.794456
3924.00           1.800586
3926.00           1.739660
3928.00           1.720899
3930.00           1.775510
3932.00           1.669632
3934.00           1.654587
3936.00           1.679106
3938.00           1.770123
3940.00           1.721828
3942.00           1.642327
3944.00           1.599048
3946.00           1.547409
3948.00           1.579544
3950.00           1.579172
3952.00           1.650500
3954.00           1.736317
3956.00           1.724429
3958.00           1.659045
3960.00           1.753220
3962.00           1.728329
3964.00           1.720156
3966.00           1.665546
3968.00           1.554096
3970.00           1.519918
3972.00           1.568770
3974.00           1.565427
3976.00           1.433916
3978.00           1.521776
3980.00           1.691551
3982.00           1.796685
3984.00           1.536450
3986.00           1.444132
3988.00           1.411812
3990.00           1.457321
3992.00           1.539979
3994.00           1.622266
3996.00           1.675762
3998.00           1.675391
4000.00           1.699352
4002.00           1.671861
4004.00           1.847023
4006.00           1.835693
4008.00           1.773838
4010.00           1.799843
4012.00           1.798728
4014.00           1.839222
4016.00           1.724243
4018.00           1.739660
4020.00           1.785354
4022.00           1.764550
4024.00           1.742818
4026.00           1.782754
4028.00           1.800957
4030.00           1.802258
4032.00           1.792599
4034.00           1.768080
4036.00           1.797614
4038.00           1.779039
4040.00           1.785726
4042.00           1.765108
4044.00           1.754520
4046.00           1.771052
4048.00           1.790370
4050.00           1.793342
4052.00           1.765851
4054.00           1.776624
4056.00           1.774767
4058.00           1.747833
4060.00           1.757306
4062.00           1.805601
4064.00           1.802072
4066.00           1.752663
4068.00           1.759164
4070.00           1.806530
4072.00           1.709754
4074.00           1.686721
4076.00           1.757120
4078.00           1.760836
4080.00           1.852967
4082.00           1.824919
4084.00           1.761764
4086.00           1.705668
4088.00           1.712169
4090.00           1.713469
4092.00           1.686350
4094.00           1.636940
4096.00           1.621895
4098.00           1.601462
4100.00           1.607035
4102.00           1.564127
4104.00           1.538493
4106.00           1.486298
4108.00           1.394537
4110.00           1.482025
4112.00           1.982063
4114.00           2.264031
4116.00           1.904977
4118.00           1.513603
4120.00           1.393609
4122.00           1.538122
4124.00           1.569328
4126.00           1.511745
4128.00           1.567099
4130.00           1.583630
4132.00           1.554839
4134.00           1.572485
4136.00           1.617808
4138.00           1.631182
4140.00           1.609264
4142.00           1.563012
4144.00           1.577872
4146.00           1.668518
4148.00           1.685607
4150.00           1.681706
4152.00           1.688950
4154.00           1.675391
4156.00           1.652172
4158.00           1.653844
4160.00           1.694337
4162.00           1.695452
4164.00           1.695452
4166.00           1.693223
4168.00           1.668332
4170.00           1.707711
4172.00           1.690808
4174.00           1.641956
4176.00           1.706225
4178.00           1.724614
4180.00           1.681335
4182.00           1.620966
4184.00           1.561340
4186.00           1.614279
4188.00           1.633040
4190.00           1.633040
4192.00           1.602577
4194.00           1.594590
4196.00           1.655701
4198.00           1.663874
4200.00           1.666660
4202.00           1.679291
4204.00           1.641584
4206.00           1.677434
4208.00           1.682449
4210.00           1.642699
4212.00           1.643628
4214.00           1.621338
4216.00           1.624681
4218.00           1.676877
4220.00           1.637126
4222.00           1.724986
4224.00           1.623938
4226.00           1.570071
4228.00           1.595518
4230.00           1.620780
4232.00           1.623381
4234.00           1.612050
4236.00           1.584559
4238.00           1.566541
4240.00           1.570442
4242.00           1.626910
4244.00           1.651243
4246.00           1.595890
4248.00           1.555954
4250.00           1.563384
4252.00           1.659602
4254.00           1.612050
4256.00           1.567470
4258.00           1.623009
4260.00           1.599419
4262.00           1.526977
4264.00           1.513603
4266.00           1.553353
4268.00           1.593475
4270.00           1.548895
4272.00           1.490013
4274.00           1.558183
4276.00           1.575272
4278.00           1.603691
4280.00           1.581587
4282.00           1.439117
4284.00           1.506544
4286.00           1.545180
4288.00           1.530877
4290.00           1.556511
4292.00           1.573043
4294.00           1.552424
4296.00           1.527163
4298.00           1.549267
4300.00           1.516018
4302.00           1.508588
4304.00           1.559855
4306.00           1.565984
4308.00           1.472552
4310.00           1.480725
4312.00           1.506916
4314.00           1.468837
4316.00           1.473667
4318.00           1.409955
4320.00           1.381721
4322.00           1.415527
4324.00           1.463636
4326.00           1.469394
4328.00           1.472366
4330.00           1.542208
4332.00           1.516761
4334.00           1.484812
4336.00           1.413112
4338.00           1.422585
4340.00           1.430758
4342.00           1.417385
4344.00           1.434102
4346.00           1.303334
4348.00           1.280673
4350.00           1.865412
4352.00           3.064426
4354.00           3.281567
4356.00           2.190474
4358.00           1.358688
4360.00           1.195042
4362.00           1.260240
4364.00           1.339927
4366.00           1.357573
4368.00           1.422771
4370.00           1.440046
4372.00           1.516946
4374.00           1.563198
4376.00           1.578058
4378.00           1.574529
4380.00           1.518247
4382.00           1.484812
4384.00           1.494471
4386.00           1.480168
4388.00           1.458249
4390.00           1.456578
4392.00           1.482954
4394.00           1.473109
4396.00           1.416827
4398.00           1.421471
4400.00           1.392680
4402.00           1.457878
4404.00           1.456763
4406.00           1.490756
4408.00           1.452305
4410.00           1.423514
4412.00           1.440046
4414.00           1.398252
4416.00           1.429458
4418.00           1.475153
4420.00           1.460664
4422.00           1.419056
4424.00           1.519175
4426.00           1.498557
4428.00           1.433730
4430.00           1.434474
4432.00           1.419613
4434.00           1.427601
4436.00           1.453048
4438.00           1.461036
4440.00           1.467165
4442.00           1.435031
4444.00           1.411440
4446.00           1.396023
4448.00           1.426115
4450.00           1.457692
4452.00           1.441346
4454.00           1.432616
4456.00           1.395838
4458.00           1.414970
4460.00           1.464751
4462.00           1.426115
4464.00           1.435402
4466.00           1.470509
4468.00           1.442275
4470.00           1.421471
4472.00           1.436702
4474.00           1.407354
4476.00           1.395466
4478.00           1.421657
4480.00           1.427229
4482.00           1.489270
4484.00           1.514160
4486.00           1.495214
4488.00           1.477010
4490.00           1.443761
4492.00           1.433173
4494.00           1.358130
4496.00           1.397138
4498.00           1.451005
4500.00           1.438746
4502.00           1.445061
4504.00           1.432059
4506.00           1.420171
4508.00           1.444318
4510.00           1.429644
4512.00           1.445990
4514.00           1.418871
4516.00           1.462336
4518.00           1.452863
4520.00           1.438003
4522.00           1.488527
4524.00           1.462336
4526.00           1.440603
4528.00           1.444132
4530.00           1.445061
4532.00           1.424443
4534.00           1.368347
4536.00           1.383578
4538.00           1.424629
4540.00           1.398067
4542.00           1.322095
4544.00           1.340484
4546.00           1.372062
4548.00           1.378377
4550.00           1.371133
4552.00           1.386736
4554.00           1.402896
4556.00           1.370947
4558.00           1.420728
4560.00           1.382464
4562.00           1.348471
4564.00           1.350515
4566.00           1.343456
4568.00           1.326367
4570.00           1.337884
4572.00           1.359245
4574.00           1.442275
4576.00           1.435216
4578.00           1.407168
4580.00           1.415899
4582.00           1.401782
4584.00           1.403825
4586.00           1.387665
4588.00           1.371504
4590.00           1.381163
4592.00           1.365746
4594.00           1.351443
4596.00           1.352372
4598.00           1.353115
4600.00           1.352744
4602.00           1.352186
4604.00           1.355344
4606.00           1.346800
4608.00           1.354973
4610.00           1.335283
4612.00           1.367604
4614.00           1.332497
4616.00           1.354973
4618.00           1.381349
4620.00           1.371319
4622.00           1.389708
4624.00           1.365003
4626.00           1.366489
4628.00           1.375962
4630.00           1.375962
4632.00           1.371876
4634.00           1.332497
4636.00           1.354973
4638.00           1.379120
4640.00           1.377448
4642.00           1.377634
4644.00           1.346428
4646.00           1.373176
4648.00           1.412184
4650.00           1.394537
4652.00           1.377263
4654.00           1.390637
4656.00           1.402153
4658.00           1.353672
4660.00           1.312808
4662.00           1.317823
4664.00           1.334169
4666.00           1.290703
4668.00           1.329339
4670.00           1.371319
4672.00           1.424814
4674.00           1.409397
4676.00           1.347357
4678.00           1.327853
4680.00           1.295533
4682.00           1.295533
4684.00           1.300734
4686.00           1.326182
4688.00           1.391751
4690.00           1.362031
4692.00           1.305192
4694.00           1.324324
4696.00           1.302777
4698.00           1.357016
4700.00           1.353672
4702.00           1.342527
4704.00           1.319123
4706.00           1.313922
4708.00           1.333054
4710.00           1.310950
4712.00           1.293490
4714.00           1.330082
4716.00           1.288103
4718.00           1.268042
4720.00           1.281044
4722.00           1.291818
4724.00           1.280301
4726.00           1.306678
4728.00           1.289960
4730.00           1.295904
4732.00           1.289775
4734.00           1.323952
4736.00           1.343270
4738.00           1.341784
4740.00           1.284945
4742.00           1.242966
4744.00           1.249653
4746.00           1.284202
4748.00           1.310764
4750.00           1.281044
4752.00           1.272871
4754.00           1.288103
4756.00           1.292932
4758.00           1.256340
4760.00           1.297019
4762.00           1.291818
4764.00           1.293675
4766.00           1.276029
4768.00           1.270457
4770.00           1.300362
4772.00           1.317266
4774.00           1.238136
4776.00           1.248910
4778.00           1.258940
4780.00           1.247424
4782.00           1.238879
4784.00           1.254482
4786.00           1.307421
4788.00           1.273243
4790.00           1.299434
4792.00           1.268413
4794.00           1.268228
4796.00           1.219004
4798.00           1.288846
4800.00           1.281416
4802.00           1.240737
4804.00           1.236464
4806.00           1.238693
4808.00           1.238508
4810.00           1.263027
4812.00           1.280487
4814.00           1.262841
4816.00           1.225691
4818.00           1.242594
4820.00           1.251324
4822.00           1.223648
4824.00           1.229220
4826.00           1.208045
4828.00           1.222719
4830.00           1.235350
4832.00           1.262098
4834.00           1.224948
4836.00           1.198200
4838.00           1.198014
4840.00           1.178511
4842.00           1.198014
4844.00           1.224019
4846.00           1.187798
4848.00           1.177396
4850.00           1.175167
4852.00           1.156035
4854.00           1.167737
4856.00           1.173124
4858.00           1.156221
4860.00           1.148233
4862.00           1.157521
4864.00           1.137274
4866.00           1.073748
4868.00           1.065761
4870.00           1.093623
4872.00           2.212764
4874.00           4.568626
4876.00           5.504433
4878.00           3.621675
4880.00           1.636755
4882.00           1.077463
4884.00           1.070590
4886.00           1.068733
4888.00           1.047186
4890.00           1.079692
4892.00           1.098267
4894.00           1.141175
4896.00           1.146933
4898.00           1.082664
4900.00           1.092323
4902.00           1.138389
4904.00           1.178511
4906.00           1.168109
4908.00           1.135602
4910.00           1.135045
4912.00           1.164579
4914.00           1.146004
4916.00           1.142104
4918.00           1.124457
4920.00           1.185941
4922.00           1.163651
4924.00           1.141361
4926.00           1.141361
4928.00           1.174053
4930.00           1.173867
4932.00           1.108669
4934.00           1.109969
4936.00           1.123157
4938.00           1.110340
4940.00           1.134302
4942.00           1.142475
4944.00           1.159007
4946.00           1.166808
4948.00           1.158078
4950.00           1.123900
4952.00           1.120928
4954.00           1.116284
4956.00           1.118142
4958.00           1.145633
4960.00           1.188913
4962.00           1.200986
4964.00           1.162908
4966.00           1.159936
4968.00           1.271757
4970.00           2.042618
4972.00           3.606629
4974.00           4.173351
4976.00           2.866603
4978.00           1.498743
4980.00           1.161793
4982.00           1.137460
4984.00           1.133002
4986.00           1.141918
4988.00           1.153063
4990.00           1.146004
4992.00           1.109969
4994.00           1.123714
4996.00           1.097338
4998.00           1.090837
5000.00           1.172381
5002.00           1.173310
5004.00           1.132816
5006.00           1.091766
5008.00           1.117956
5010.00           1.112941
5012.00           1.137088
5014.00           1.162165
5016.00           1.371690
5018.00           3.758572
5020.00           8.454879
5022.00          10.196650
5024.00           6.269349
5026.00           2.313069
5028.00           1.185755
5030.00           1.136717
5032.00           1.115913
5034.00           1.071333
5036.00           1.044957
5038.00           1.058702
5040.00           1.055544
5042.00           1.086936
5044.00           1.101424
5046.00           1.091951
5048.00           1.089165
5050.00           1.080621
5052.00           1.084336
5054.00           1.059631
5056.00           1.062974
5058.00           1.054430
5060.00           1.095852
5062.00           1.070590
5064.00           1.070776
5066.00           1.075234
5068.00           1.069476
5070.00           1.110340
5072.00           1.106625
5074.00           1.059074
5076.00           1.124457
5078.00           1.106997
5080.00           1.076534
5082.00           1.049043
5084.00           1.070776
5086.00           1.078392
5088.00           1.058888
5090.00           1.047186
5092.00           1.089537
5094.00           1.076906
5096.00           1.036041
5098.00           1.096223
5100.00           1.101982
5102.00           1.075420
5104.00           1.073376
5106.00           1.078206
5108.00           1.077834
5110.00           1.075605
5112.00           1.076720
5114.00           1.062231
5116.00           1.036226
5118.00           1.024710
5120.00           1.048672
5122.00           1.046628
5124.00           1.048300
5126.00           1.077091
5128.00           1.089351
5130.00           1.089351
5132.00           1.093809
5134.00           1.103282
5136.00           1.069847
5138.00           1.045328
5140.00           1.044585
5142.00           1.037155
5144.00           1.071333
5146.00           1.093066
5148.00           1.073191
5150.00           1.077649
5152.00           1.043842
5154.00           1.002606
5156.00           1.012822
5158.00           1.041427
5160.00           1.053873
5162.00           1.037527
5164.00           1.012450
5166.00           1.027125
5168.00           1.059445
5170.00           1.078392
5172.00           1.087865
5174.00           1.055359
5176.00           1.017094
5178.00           1.014308
5180.00           1.000562
5182.00           0.980316
5184.00           0.968056
5186.00           0.973629
5188.00           1.008364
5190.00           1.047929
5192.00           1.060002
5194.00           1.033069
5196.00           0.996847
5198.00           0.999448
5200.00           1.043471
5202.00           1.025824
5204.00           1.008550
5206.00           1.031211
5208.00           1.070590
5210.00           1.119442
5212.00           1.171266
5214.00           1.183712
5216.00           1.082850
5218.00           1.007621
5220.00           0.998891
5222.00           1.010779
5224.00           0.999819
5226.00           1.017466
5228.00           1.060931
5230.00           1.068175
5232.00           1.057216
5234.00           1.053873
5236.00           1.055916
5238.00           1.024338
5240.00           1.014865
5242.00           1.027310
5244.00           1.030468
5246.00           1.020623
5248.00           1.019880
5250.00           1.039941
5252.00           1.069476
5254.00           1.078949
5256.00           1.078020
5258.00           1.076163
5260.00           1.057216
5262.00           1.022481
5264.00           1.010036
5266.00           1.042542
5268.00           1.055173
5270.00           1.076348
5272.00           1.085078
5274.00           1.027868
5276.00           0.997405
5278.00           1.015794
5280.00           1.044957
5282.00           1.023038
5284.00           1.005206
5286.00           1.014308
5288.00           1.036598
5290.00           1.047371
5292.00           1.054801
5294.00           1.058145
5296.00           1.047186
5298.00           1.040313
5300.00           1.039198
5302.00           1.050715
5304.00           1.093623
5306.00           1.075234
5308.00           1.029911
5310.00           1.029725
5312.00           1.022295
5314.00           1.035112
5316.00           1.065203
5318.00           1.076348
5320.00           1.091580
5322.00           1.079692
5324.00           1.044771
5326.00           1.064646
5328.00           1.067804
5330.00           1.067804
5332.00           1.094923
5334.00           1.076348
5336.00           1.047929
5338.00           1.038084
5340.00           1.037527
5342.00           1.028239
5344.00           1.024896
5346.00           1.037712
5348.00           1.049229
5350.00           1.029168
5352.00           1.015608
5354.00           1.041799
5356.00           1.029354
5358.00           1.043471
5360.00           1.073191
5362.00           1.040499
5364.00           1.031397
5366.00           1.054801
5368.00           1.078763
5370.00           1.072448
5372.00           1.067432
5374.00           1.059631
5376.00           1.041056
5378.00           1.062417
5380.00           1.061674
5382.00           1.038270
5384.00           1.051829
5386.00           1.046257
5388.00           1.041799
5390.00           1.057402
5392.00           1.061488
5394.00           1.065018
5396.00           1.062231
5398.00           1.046257
5400.00           1.033626
5402.00           1.029539
5404.00           1.035112
5406.00           1.045885
5408.00           1.033440
5410.00           1.016723
5412.00           1.019509
5414.00           1.038641
5416.00           1.009850
5418.00           0.979758
5420.00           1.012079
5422.00           1.035298
5424.00           1.038084
5426.00           1.044771
5428.00           1.077834
5430.00           1.065018
5432.00           1.028611
5434.00           1.019323
5436.00           1.054244
5438.00           1.061303
5440.00           1.035669
5442.00           1.016351
5444.00           1.016351
5446.00           1.021738
5448.00           1.024153
5450.00           1.030282
5452.00           1.061117
5454.00           1.071519
5456.00           1.045514
5458.00           1.046443
5460.00           1.040127
5462.00           1.009850
5464.00           0.975672
5466.00           1.000005
5468.00           1.015422
5470.00           1.008735
5472.00           1.031211
5474.00           1.034926
5476.00           1.021738
5478.00           1.008735
5480.00           1.001305
5482.00           1.028982
5484.00           1.043842
5486.00           1.003163
5488.00           0.990160
5490.00           0.996290
5492.00           1.003163
5494.00           1.003906
5496.00           0.986631
5498.00           0.986260
5500.00           1.013379
5502.00           1.017280
5504.00           1.016908
5506.00           1.006692
5508.00           0.983845
5510.00           0.991275
5512.00           1.008364
5514.00           1.017280
5516.00           1.017651
5518.00           0.998148
5520.00           0.982359
5522.00           0.986817
5524.00           0.995362
5526.00           1.007249
5528.00           1.004277
5530.00           0.985145
5532.00           1.010779
5534.00           1.014308
5536.00           0.991832
5538.00           1.006321
5540.00           1.016165
5542.00           1.003163
5544.00           0.982916
5546.00           0.997405
5548.00           0.996476
5550.00           0.989603
5552.00           1.012079
5554.00           1.052758
5556.00           1.040870
5558.00           0.999634
5560.00           1.018580
5562.00           1.019137
5564.00           1.017466
5566.00           1.015980
5568.00           1.014308
5570.00           1.012636
5572.00           1.010964
5574.00           1.009478
5576.00           1.007807
5578.00           1.006135
5580.00           1.004649
5582.00           1.002977
5584.00           1.001305
5586.00           0.993876
5588.00           0.987003
5590.00           1.010407
5592.00           1.031954
5594.00           1.032883
5596.00           1.018209
5598.00           1.010407
5600.00           0.979201
5602.00           0.943166
5604.00           0.954497
5606.00           0.959140
5608.00           0.968985
5610.00           0.986445
5612.00           0.963598
5614.00           0.972143
5616.00           0.999448
5618.00           1.000934
5620.00           1.003163
5622.00           1.010221
5624.00           1.014865
5626.00           1.005020
5628.00           0.982173
5630.00           0.964713
5632.00           0.963784
5634.00           0.969171
5636.00           0.968242
5638.00           0.969356
5640.00           0.986445
5642.00           1.013751
5644.00           1.017651
5646.00           0.996847
5648.00           0.983102
5650.00           0.984774
5652.00           0.985517
5654.00           0.979016
5656.00           0.985517
5658.00           0.981059
5660.00           0.973629
5662.00           0.977344
5664.00           0.967870
5666.00           0.964341
5668.00           0.969914
5670.00           0.966942
5672.00           0.963413
5674.00           0.955425
5676.00           0.951339
5678.00           0.977530
5680.00           0.983102
5682.00           0.966942
5684.00           0.956168
5686.00           0.953568
5688.00           0.973629
5690.00           0.996476
5692.00           0.984959
5694.00           0.976229
5696.00           0.965642
5698.00           0.951339
5700.00           0.958211
5702.00           0.960441
5704.00           0.955611
5706.00           0.954497
5708.00           0.952268
5710.00           0.968242
5712.00           0.978830
5714.00           0.943909
5716.00           0.941308
5718.00           0.951525
5720.00           0.943537
5722.00           0.938336
5724.00           0.947624
5726.00           0.952639
5728.00           0.943537
5730.00           0.973815
5732.00           0.999819
5734.00           0.983288
5736.00           0.937779
5738.00           0.950782
5740.00           0.973815
5742.00           0.960998
5744.00           0.958026
5746.00           0.950967
5748.00           0.943352
5750.00           0.946138
5752.00           0.957654
5754.00           0.954311
5756.00           0.942794
5758.00           0.952639
5760.00           0.967870
5762.00           0.968799
5764.00           0.956540
5766.00           0.958583
5768.00           0.966384
5770.00           0.965084
5772.00           0.950410
5774.00           0.947624
5776.00           0.950039
5778.00           0.954868
5780.00           0.965827
5782.00           0.976972
5784.00           0.964898
5786.00           0.930163
5788.00           0.912517
5790.00           0.935179
5792.00           0.948367
5794.00           0.911588
5796.00           0.905830
5798.00           0.927563
5800.00           0.952268
5802.00           0.959697
5804.00           0.944652
5806.00           0.935550
5808.00           0.948181
5810.00           0.959326
5812.00           0.952082
5814.00           0.939637
5816.00           0.943352
5818.00           0.956354
5820.00           0.965827
5822.00           0.963413
5824.00           0.951153
5826.00           0.948553
5828.00           0.958583
5830.00           0.970843
5832.00           0.970657
5834.00           0.975672
5836.00           0.976601
5838.00           0.962484
5840.00           0.960626
5842.00           0.963227
5844.00           0.967499
5846.00           0.978644
5848.00           0.980502
5850.00           0.976972
5852.00           0.973071
5854.00           0.963970
5856.00           0.958769
5858.00           0.956726
5860.00           0.955611
5862.00           0.967128
5864.00           0.958583
5866.00           0.931464
5868.00           0.922919
5870.00           0.935179
5872.00           0.938151
5874.00           0.924405
5876.00           0.932950
5878.00           0.915118
5880.00           0.915303
5882.00           0.974372
5884.00           0.977158
5886.00           1.075234
5888.00           1.239251
5890.00           1.260612
5892.00           1.190213
5894.00           1.046071
5896.00           0.906016
5898.00           0.923105
5900.00           0.924777
5902.00           0.881126
5904.00           0.860879
5906.00           0.879268
5908.00           0.882054
5910.00           0.863665
5912.00           0.871467
5914.00           0.890227
5916.00           0.901001
5918.00           0.902115
5920.00           0.914189
5922.00           0.933507
5924.00           0.936107
5926.00           0.905830
5928.00           0.869981
5930.00           0.864222
5932.00           0.886512
5934.00           0.900629
5936.00           0.900258
5938.00           0.898586
5940.00           0.908059
5942.00           0.923848
5944.00           0.931649
5946.00           0.928677
5948.00           0.920504
5950.00           0.906573
5952.00           0.907873
5954.00           0.912331
5956.00           0.891342
5958.00           0.891713
5960.00           0.902115
5962.00           0.898772
5964.00           0.882611
5966.00           0.882983
5968.00           0.885026
5970.00           0.876668
5972.00           0.918275
5974.00           0.932950
5976.00           0.905459
5978.00           0.898957
5980.00           0.893942
5982.00           0.901744
5984.00           0.919204
5986.00           0.908245
5988.00           0.909359
5990.00           0.914932
5992.00           0.901744
5994.00           0.892270
5996.00           0.895428
5998.00           0.894685
6000.00           0.869423
6002.00           0.866823
6004.00           0.874439
6006.00           0.875739
6008.00           0.888927
6010.00           0.900258
6012.00           0.898772
6014.00           0.888184
6016.00           0.895614
6018.00           0.898957
6020.00           0.894128
6022.00           0.899701
6024.00           0.897471
6026.00           0.873324
6028.00           0.842304
6030.00           0.850291
6032.00           0.865894
6034.00           0.857350
6036.00           0.829859
6038.00           0.853634
6040.00           0.867008
6042.00           0.855306
6044.00           0.867937
6046.00           0.881126
6048.00           0.894685
6050.00           0.906573
6052.00           0.901929
6054.00           0.906573
6056.00           0.915303
6058.00           0.911031
6060.00           0.903044
6062.00           0.894128
6064.00           0.883726
6066.00           0.872953
6068.00           0.877225
6070.00           0.880754
6072.00           0.876110
6074.00           0.887627
6076.00           0.890599
6078.00           0.883355
6080.00           0.875924
6082.00           0.864965
6084.00           0.873881
6086.00           0.897471
6088.00           0.903973
6090.00           0.895985
6092.00           0.898772
6094.00           0.914189
6096.00           0.900443
6098.00           0.887627
6100.00           0.890227
6102.00           0.898772
6104.00           0.886512
6106.00           0.869423
6108.00           0.859579
6110.00           0.855306
6112.00           0.867752
6114.00           0.874996
6116.00           0.869609
6118.00           0.880940
6120.00           0.891528
6122.00           0.885955
6124.00           0.867380
6126.00           0.867566
6128.00           0.872581
6130.00           0.872581
6132.00           0.871838
6134.00           0.868123
6136.00           0.868309
6138.00           0.875924
6140.00           0.882426
6142.00           0.880568
6144.00           0.880940
6146.00           0.888184
6148.00           0.869052
6150.00           0.850477
6152.00           0.851777
6154.00           0.865337
6156.00           0.866451
6158.00           0.863665
6160.00           0.860879
6162.00           0.836917
6164.00           0.827815
6166.00           0.827630
6168.00           0.817599
6170.00           0.821128
6172.00           0.831345
6174.00           0.834874
6176.00           0.824843
6178.00           0.812027
6180.00           0.820571
6182.00           0.847505
6184.00           0.849177
6186.00           0.838775
6188.00           0.835803
6190.00           0.845833
6192.00           0.844161
6194.00           0.830044
6196.00           0.814813
6198.00           0.812398
6200.00           0.828558
6202.00           0.823172
6204.00           0.791037
6206.00           0.797167
6208.00           0.828558
6210.00           0.851777
6212.00           0.845090
6214.00           0.836360
6216.00           0.837846
6218.00           0.840075
6220.00           0.826515
6222.00           0.829859
6224.00           0.829673
6226.00           0.812770
6228.00           0.805340
6230.00           0.797167
6232.00           0.786579
6234.00           0.776363
6236.00           0.764103
6238.00           0.760574
6240.00           0.769861
6242.00           0.783607
6244.00           0.773948
6246.00           0.771719
6248.00           0.797724
6250.00           0.820571
6252.00           0.833388
6254.00           0.828744
6256.00           0.808683
6258.00           0.795495
6260.00           0.786950
6262.00           0.785279
6264.00           0.793637
6266.00           0.770976
6268.00           0.745714
6270.00           0.738470
6272.00           0.715251
6274.00           0.711722
6276.00           0.734755
6278.00           0.763732
6280.00           0.770976
6282.00           0.756859
6284.00           0.754259
6286.00           0.796609
6288.00           0.834874
6290.00           0.847319
6292.00           0.832831
6294.00           0.800882
6296.00           0.783607
6298.00           0.817785
6300.00           0.880568
6302.00           0.825586
6304.00           0.770233
6306.00           0.770419
6308.00           0.773948
6310.00           0.828744
6312.00           0.929420
6314.00           1.041799
6316.00           1.129473
6318.00           1.117585
6320.00           1.014122
6322.00           0.894128
6324.00           0.840818
6326.00           0.818156
6328.00           0.806640
6330.00           0.820757
6332.00           0.810541
6334.00           0.805711
6336.00           0.823172
6338.00           0.815370
6340.00           0.796424
6342.00           0.785650
6344.00           0.792894
6346.00           0.810355
6348.00           0.799024
6350.00           0.780449
6352.00           0.807754
6354.00           0.786022
6356.00           0.764846
6358.00           0.778034
6360.00           0.749429
6362.00           0.762246
6364.00           0.799210
6366.00           0.800882
6368.00           0.783421
6370.00           0.771533
6372.00           0.783050
6374.00           0.817785
6376.00           0.848805
6378.00           0.880382
6380.00           0.908431
6382.00           0.901744
6384.00           0.862922
6386.00           0.825586
6388.00           0.815927
6390.00           0.806454
6392.00           0.797352
6394.00           0.788065
6396.00           0.776734
6398.00           0.776363
6400.00           0.779149
6402.00           0.777849
6404.00           0.778220
6406.00           0.781378
6408.00           0.780263
6410.00           0.773019
6412.00           0.780263
6414.00           0.795681
6416.00           0.805711
6418.00           0.803482
6420.00           0.803111
6422.00           0.795866
6424.00           0.784907
6426.00           0.801067
6428.00           0.801810
6430.00           0.784907
6432.00           0.771533
6434.00           0.762989
6436.00           0.762432
6438.00           0.767633
6440.00           0.772091
6442.00           0.771905
6444.00           0.769490
6446.00           0.770790
6448.00           0.780635
6450.00           0.775806
6452.00           0.775620
6454.00           0.798653
6456.00           0.796052
6458.00           0.774877
6460.00           0.760203
6462.00           0.767447
6464.00           0.759645
6466.00           0.745714
6468.00           0.744971
6470.00           0.756487
6472.00           0.763546
6474.00           0.761874
6476.00           0.755559
6478.00           0.743299
6480.00           0.752401
6482.00           0.773391
6484.00           0.772648
6486.00           0.791223
6488.00           0.814627
6490.00           0.817599
6492.00           0.801439
6494.00           0.803854
6496.00           0.802368
6498.00           0.770976
6500.00           0.772648
6502.00           0.779520
6504.00           0.770976
6506.00           0.757045
6508.00           0.751101
6510.00           0.746457
6512.00           0.737355
6514.00           0.732340
6516.00           0.744042
6518.00           0.759831
6520.00           0.763360
6522.00           0.769119
6524.00           0.766704
6526.00           0.762060
6528.00           0.772091
6530.00           0.777477
6532.00           0.771533
6534.00           0.764660
6536.00           0.778406
6538.00           0.791408
6540.00           0.791408
6542.00           0.780821
6544.00           0.772833
6546.00           0.770233
6548.00           0.771162
6550.00           0.772462
6552.00           0.778034
6554.00           0.777663
6556.00           0.785650
6558.00           0.855306
6560.00           1.008921
6562.00           1.218632
6564.00           1.399924
6566.00           1.434845
6568.00           1.295347
6570.00           1.176839
6572.00           1.559669
6574.00           3.312402
6576.00           6.348478
6578.00           9.420590
6580.00          10.552550
6582.00           9.055779
6584.00           5.921998
6586.00           2.963936
6588.00           1.366489
6590.00           0.857350
6592.00           0.871467
6594.00           1.116470
6596.00           1.702510
6598.00           2.392941
6600.00           2.809020
6602.00           2.676581
6604.00           2.129548
6606.00           1.471623
6608.00           0.996662
6610.00           0.803296
6612.00           0.762060
6614.00           0.752958
6616.00           0.748872
6618.00           0.761317
6620.00           0.771905
6622.00           0.762432
6624.00           0.739027
6626.00           0.733083
6628.00           0.741256
6630.00           0.743485
6632.00           0.740884
6634.00           0.745528
6636.00           0.755559
6638.00           0.756673
6640.00           0.759274
6642.00           0.756116
6644.00           0.743485
6646.00           0.731411
6648.00           0.730854
6650.00           0.738470
6652.00           0.746085
6654.00           0.756302
6656.00           0.750544
6658.00           0.735869
6660.00           0.739584
6662.00           0.741813
6664.00           0.739584
6666.00           0.742742
6668.00           0.764289
6670.00           0.759831
6672.00           0.745900
6674.00           0.753330
6676.00           0.746829
6678.00           0.732154
6680.00           0.726953
6682.00           0.740699
6684.00           0.744971
6686.00           0.739398
6688.00           0.740142
6690.00           0.762060
6692.00           0.794009
6694.00           0.815556
6696.00           0.814070
6698.00           0.801253
6700.00           0.772091
6702.00           0.744228
6704.00           0.745528
6706.00           0.742742
6708.00           0.734755
6710.00           0.730111
6712.00           0.727882
6714.00           0.728625
6716.00           0.728439
6718.00           0.724910
6720.00           0.727325
6722.00           0.727882
6724.00           0.743485
6726.00           0.831345
6728.00           1.083778
6730.00           1.518804
6732.00           1.994509
6734.00           2.225581
6736.00           2.047633
6738.00           1.595147
6740.00           1.183712
6742.00           1.068733
6744.00           1.258383
6746.00           1.586417
6748.00           1.813774
6750.00           1.764550
6752.00           1.468651
6754.00           1.095295
6756.00           0.845833
6758.00           0.737541
6760.00           0.718037
6762.00           0.717666
6764.00           0.706892
6766.00           0.692961
6768.00           0.691289
6770.00           0.705221
6772.00           0.708193
6774.00           0.705406
6776.00           0.708378
6778.00           0.713951
6780.00           0.718037
6782.00           0.713765
6784.00           0.702992
6786.00           0.708378
6788.00           0.716737
6790.00           0.715251
6792.00           0.705035
6794.00           0.700205
6796.00           0.702249
6798.00           0.707078
6800.00           0.710607
6802.00           0.704478
6804.00           0.700763
6806.00           0.711350
6808.00           0.715808
6810.00           0.709307
6812.00           0.702806
6814.00           0.708564
6816.00           0.694261
6818.00           0.686831
6820.00           0.704106
6822.00           0.713765
6824.00           0.719709
6826.00           0.716923
6828.00           0.703549
6830.00           0.702620
6832.00           0.700577
6834.00           0.688503
6836.00           0.674758
6838.00           0.671786
6840.00           0.679587
6842.00           0.688503
6844.00           0.685160
6846.00           0.681816
6848.00           0.680330
6850.00           0.677358
6852.00           0.679216
6854.00           0.692404
6856.00           0.699091
6858.00           0.670485
6860.00           0.625348
6862.00           0.563122
6864.00           0.500710
6866.00           0.488079
6868.00           0.505540
6870.00           0.534702
6872.00           0.565909
6874.00           0.601201
6876.00           0.624420
6878.00           0.627206
6880.00           0.618104
6882.00           0.616061
6884.00           0.618661
6886.00           0.615504
6888.00           0.601572
6890.00           0.599158
6892.00           0.616247
6894.00           0.637979
6896.00           0.630364
6898.00           0.625534
6900.00           0.632593
6902.00           0.629621
6904.00           0.636122
6906.00           0.652653
6908.00           0.663427
6910.00           0.646710
6912.00           0.649867
6914.00           0.664542
6916.00           0.662312
6918.00           0.663427
6920.00           0.663613
6922.00           0.661941
6924.00           0.662312
6926.00           0.653954
6928.00           0.645038
6930.00           0.644666
6932.00           0.650424
6934.00           0.654325
6936.00           0.650796
6938.00           0.639465
6940.00           0.627577
6942.00           0.638908
6944.00           0.660641
6946.00           0.654883
6948.00           0.642809
6950.00           0.634450
6952.00           0.634822
6954.00           0.648381
6956.00           0.657669
6958.00           0.653582
6960.00           0.642623
6962.00           0.647452
6964.00           0.657669
6966.00           0.656183
6968.00           0.637979
6970.00           0.633707
6972.00           0.646338
6974.00           0.660641
6976.00           0.659898
6978.00           0.653582
6980.00           0.648010
6982.00           0.644852
6984.00           0.643738
6986.00           0.646710
6988.00           0.650239
6990.00           0.648010
6992.00           0.645781
6994.00           0.641694
6996.00           0.636308
6998.00           0.636679
7000.00           0.633707
7002.00           0.633150
7004.00           0.642252
7006.00           0.650982
7008.00           0.648010
7010.00           0.639465
7012.00           0.642252
7014.00           0.647638
7016.00           0.640951
7018.00           0.626834
7020.00           0.636865
7022.00           0.646524
7024.00           0.645966
7026.00           0.641323
7028.00           0.646152
7030.00           0.644666
7032.00           0.633893
7034.00           0.629621
7036.00           0.638908
7038.00           0.651539
7040.00           0.655254
7042.00           0.647267
7044.00           0.642809
7046.00           0.651353
7048.00           0.664727
7050.00           0.655068
7052.00           0.648753
7054.00           0.651910
7056.00           0.645224
7058.00           0.643738
7060.00           0.650982
7062.00           0.661012
7064.00           0.663613
7066.00           0.660826
7068.00           0.652096
7070.00           0.642066
7072.00           0.647267
7074.00           0.645595
7076.00           0.636122
7078.00           0.640765
7080.00           0.650053
7082.00           0.663241
7084.00           0.676244
7086.00           0.674386
7088.00           0.652468
7090.00           0.634079
7092.00           0.639465
7094.00           0.638351
7096.00           0.636865
7098.00           0.636308
7100.00           0.629806