3650.00           0.000023
3652.00           0.521212
3654.00           0.530621
3656.00           0.518217
3658.00           0.500317
3660.00           0.516707
3662.00           0.474116
3664.00           0.403909
3666.00           0.373604
3668.00           0.430204
3670.00           0.480413
3672.00           0.511920
3674.00           0.475413
3676.00           0.475908
3678.00           0.421808
3680.00           0.422422
3682.00           0.461405
3684.00           0.462301
3686.00           0.483101
3688.00           0.492912
3690.00           0.530008
3692.00           0.560902
3694.00           0.494822
3696.00           0.484705
3698.00           0.473314
3700.00           0.534206
3702.00           0.610215
3704.00           0.618021
3706.00           0.586702
3708.00           0.529301
3710.00           0.476710
3712.00           0.437208
3714.00           0.389806
3716.00           0.386316
3718.00           0.439213
3720.00           0.463008
3722.00           0.469116
3724.00           0.485011
3726.00           0.497605
3728.00           0.550219
3730.00           0.542319
3732.00           0.537909
3734.00           0.476521
3736.00           0.423719
3738.00           0.376104
3740.00           0.424521
3742.00           0.430110
3744.00           0.481710
3746.00           0.432020
3748.00           0.476521
3750.00           0.526801
3752.00           0.584721
3754.00           0.583518
3756.00           0.559015
3758.00           0.565006
3760.00           0.573708
3762.00           0.550313
3764.00           0.506920
3766.00           0.483620
3768.00           0.491921
3770.00           0.483903
3772.00           0.475106
3774.00           0.432421
3776.00           0.457419
3778.00           0.466923
3780.00           0.497322
3782.00           0.464022
3784.00           0.455202
3786.00           0.482606
3788.00           0.503501
3790.00           0.518217
3792.00           0.487606
3794.00           0.481521
3796.00           0.470413
3798.00           0.476616
3800.00           0.462820
3802.00           0.456311
3804.00           0.463220
3806.00           0.495506
3808.00           0.551209
3810.00           0.580523
3812.00           0.621417
3814.00           0.615710
3816.00           0.626511
3818.00           0.609719
3820.00           0.616110
3822.00           0.619011
3824.00           0.618516
3826.00           0.565124
3828.00           0.555101
3830.00           0.492912
3832.00           0.505906
3834.00           0.515316
3836.00           0.579604
3838.00           0.609601
3840.00           0.616818
3842.00           0.635307
3844.00           0.622313
3846.00           0.624600
3848.00           0.622902
3850.00           0.658419
3852.00           0.616511
3854.00           0.559416
3856.00           0.530716
3858.00           0.506708
3860.00           0.547412
3862.00           0.477701
3864.00           0.451806
3866.00           0.375208
3868.00           0.361412
3870.00           0.389523
3872.00           0.410606
3874.00           0.462702
3876.00           0.489304
3878.00           0.549818
3880.00           0.563213
3882.00           0.572906
3884.00           0.598305
3886.00           0.585004
3888.00           0.573708
3890.00           0.534300
3892.00           0.545809
3894.00           0.574109
3896.00           0.582905
3898.00           0.606323
3900.00           0.587410
3902.00           0.581019
3904.00           0.590806
3906.00           0.561515
3908.00           0.560218
3910.00           0.555808
3912.00           0.553308
3914.00           0.565124
3916.00           0.515221
3918.00           0.512722
3920.00           0.505623
3922.00           0.533215
3924.00           0.547318
3926.00           0.564510
3928.00           0.584910
3930.00           0.603305
3932.00           0.583306
3934.00           0.583117
3936.00           0.596206
3938.00           0.646320
3940.00           0.685209
3942.00           0.714712
3944.00           0.717707
3946.00           0.722919
3948.00           0.711504
3950.00           0.689313
3952.00           0.665423
3954.00           0.639104
3956.00           0.610215
3958.00           0.610120
3960.00           0.590405
3962.00           0.559912
3964.00           0.481120
3966.00           0.429308
3968.00           0.413413
3970.00           0.430605
3972.00           0.508713
3974.00           0.564911
3976.00           0.609719
3978.00           0.634505
3980.00           0.669408
3982.00           0.693911
3984.00           0.727918
3986.00           0.745323
3988.00           0.761501
3990.00           0.725607
3992.00           0.662310
3994.00           0.592103
3996.00           0.540007
3998.00           0.506519
4000.00           0.480507
4002.00           0.453905
4004.00           0.463409
4006.00           0.456900
4008.00           0.475507
4010.00           0.486709
4012.00           0.592221
4014.00           0.663017
4016.00           0.745323
4018.00           0.777679
4020.00           0.773882
4022.00           0.733319
4024.00           0.728602
4026.00           0.774000
4028.00           0.810884
4030.00           0.774189
4032.00           0.758718
4034.00           0.783787
4036.00           0.811592
4038.00           0.792678
4040.00           0.798196
4042.00           0.826685
4044.00           0.878686
4046.00           0.872884
4048.00           0.859583
4050.00           0.849891
4052.00           0.870078
4054.00           0.905382
4056.00           0.942596
4058.00           0.914792
4060.00           0.872082
4062.00           0.818879
4064.00           0.835198
4066.00           0.855079
4068.00           0.826897
4070.00           0.836896
4072.00           0.846990
4074.00           0.929390
4076.00           0.945190
4078.00           0.949294
4080.00           0.915782
4082.00           0.858994
4084.00           0.800295
4086.00           0.797678
4088.00           0.849089
4090.00           0.851093
4092.00           0.851494
4094.00           0.829185
4096.00           0.779778
4098.00           0.764708
4100.00           0.746903
4102.00           0.791782
4104.00           0.793291
4106.00           0.779000
4108.00           0.809587
4110.00           0.784778
4112.00           0.808196
4114.00           0.827392
4116.00           0.842981
4118.00           0.854678
4120.00           0.883096
4122.00           0.901986
4124.00           0.907481
4126.00           0.871587
4128.00           0.868687
4130.00           0.799281
4132.00           0.751903
4134.00           0.710703
4136.00           0.716009
4138.00           0.739922
4140.00           0.759402
4142.00           0.809280
4144.00           0.807488
4146.00           0.817794
4148.00           0.854796
4150.00           0.895194
4152.00           0.906585
4154.00           0.881893
4156.00           0.851494
4158.00           0.841778
4160.00           0.860079
4162.00           0.904179
4164.00           0.955496
4166.00           0.929979
4168.00           0.871399
4170.00           0.806380
4172.00           0.794588
4174.00           0.834396
4176.00           0.860479
4178.00           0.876280
4180.00           0.875997
4182.00           0.881987
4184.00           0.850787
4186.00           0.837297
4188.00           0.844396
4190.00           0.879299
4192.00           0.884582
4194.00           0.909391
4196.00           0.900995
4198.00           0.856400
4200.00           0.824680
4202.00           0.820082
4204.00           0.850598
4206.00           0.844679
4208.00           0.859182
4210.00           0.863592
4212.00           0.858499
4214.00           0.852084
4216.00           0.814186
4218.00           0.801899
4220.00           0.791782
4222.00           0.828784
4224.00           0.855692
4226.00           0.844797
4228.00           0.848994
4230.00           0.837981
4232.00           0.862390
4234.00           0.834279
4236.00           0.828288
4238.00           0.813690
4240.00           0.831189
4242.00           0.832699
4244.00           0.865998
4246.00           0.905382
4248.00           0.925994
4250.00           0.925687
4252.00           0.896798
4254.00           0.874983
4256.00           0.862979
4258.00           0.887294
4260.00           0.887482
4262.00           0.874677
4264.00           0.833477
4266.00           0.829491
4268.00           0.866092
4270.00           0.919579
4272.00           0.901090
4274.00           0.864088
4276.00           0.866281
4278.00           0.932691
4280.00           0.974292
4282.00           0.922881
4284.00           0.890690
4286.00           0.861399
4288.00           0.862083
4290.00           0.879393
4292.00           0.878285
4294.00           0.884086
4296.00           0.855881
4298.00           0.855787
4300.00           0.870880
4302.00           0.878497
4304.00           0.874087
4306.00           0.847792
4308.00           0.828878
4310.00           0.820388
4312.00           0.810389
4314.00           0.810483
4316.00           0.830883
4318.00           0.858381
4320.00           0.853782
4322.00           0.829090
4324.00           0.825977
4326.00           0.826591
4328.00           0.812700
4330.00           0.783787
4332.00           0.792489
4334.00           0.813077
4336.00           0.801498
4338.00           0.768812
4340.00           0.709217
4342.00           0.695916
4344.00           0.691718
4346.00           0.692921
4348.00           0.706623
4350.00           0.724004
4352.00           0.756902
4354.00           0.854985
4356.00           0.944789
4358.00           0.979787
4360.00           0.917598
4362.00           0.856494
4364.00           0.817582
4366.00           0.835977
4368.00           0.882200
4370.00           0.935899
4372.00           0.936582
4374.00           0.880879
4376.00           0.826284
4378.00           0.801899
4380.00           0.800885
4382.00           0.814280
4384.00           0.821992
4386.00           0.828595
4388.00           0.839396
4390.00           0.831991
4392.00           0.859277
4394.00           0.880478
4396.00           0.909580
4398.00           0.924083
4400.00           0.922881
4402.00           0.931984
4404.00           0.929578
4406.00           0.977287
4408.00           1.006577
4410.00           0.987782
4412.00           0.944200
4414.00           0.906490
4416.00           0.913495
4418.00           0.913094
4420.00           0.867389
4422.00           0.795178
4424.00           0.734522
4426.00           0.780297
4428.00           0.823289
4430.00           0.861895
4432.00           0.856777
4434.00           0.889699
4436.00           0.936795
4438.00           0.922786
4440.00           0.912292
4442.00           0.873780
4444.00           0.847697
4446.00           0.829279
4448.00           0.853499
4450.00           0.899581
4452.00           0.922999
4454.00           0.936983
4456.00           0.944294
4458.00           0.938186
4460.00           0.920994
4462.00           0.944294
4464.00           0.991178
4466.00           0.995682
4468.00           0.981886
4470.00           0.973985
4472.00           0.994291
4474.00           0.991390
4476.00           0.959694
4478.00           0.953586
4480.00           0.994291
4482.00           1.008983
4484.00           0.998889
4486.00           0.953397
4488.00           0.947478
4490.00           0.964387
4492.00           0.957689
4494.00           0.965991
4496.00           0.939578
4498.00           0.944884
4500.00           0.931677
4502.00           0.928894
4504.00           0.938398
4506.00           0.944789
4508.00           0.936795
4510.00           0.951487
4512.00           0.980188
4514.00           1.032495
4516.00           1.033698
4518.00           1.014289
4520.00           0.992498
4522.00           0.991083
4524.00           0.998394
4526.00           1.009478
4528.00           1.007993
4530.00           1.019383
4532.00           1.013582
4534.00           1.013888
4536.00           1.002285
4538.00           1.016388
4540.00           1.006389
4542.00           1.005186
4544.00           1.050985
4546.00           1.082091
4548.00           1.126687
4550.00           1.083294
4552.00           1.097278
4554.00           1.071879
4556.00           1.070582
4558.00           1.056291
4560.00           1.034193
4562.00           1.028180
4564.00           0.998088
4566.00           0.989881
4568.00           0.961581
4570.00           0.942290
4572.00           0.948280
4574.00           0.964481
4576.00           0.977287
4578.00           1.000800
4580.00           1.025185
4582.00           1.049782
4584.00           1.032896
4586.00           1.007993
4588.00           1.010681
4590.00           1.030184
4592.00           1.034193
4594.00           1.033887
4596.00           1.014784
4598.00           1.027684
4600.00           1.020893
4602.00           1.042094
4604.00           1.050489
4606.00           1.078388
4608.00           1.078577
4610.00           1.075700
4612.00           1.058083
4614.00           1.058295
4616.00           1.061196
4618.00           1.052282
4620.00           1.028699
4622.00           1.030986
4624.00           1.031599
4626.00           1.019289
4628.00           0.994998
4630.00           0.992498
4632.00           0.997097
4634.00           1.004479
4636.00           1.011884
4638.00           1.027496
4640.00           1.033580
4642.00           1.027779
4644.00           1.041693
4646.00           1.057777
4648.00           1.068295
4650.00           1.077280
4652.00           1.076077
4654.00           1.101382
4656.00           1.102585
4658.00           1.086690
4660.00           1.073294
4662.00           1.050089
4664.00           1.051480
4666.00           1.046197
4668.00           1.066785
4670.00           1.069898
4672.00           1.064191
4674.00           1.047282
4676.00           1.056998
4678.00           1.036693
4680.00           1.010988
4682.00           0.969882
4684.00           0.978985
4686.00           1.019077
4688.00           1.038580
4690.00           1.009997
4692.00           0.966179
4694.00           0.955591
4696.00           1.000493
4698.00           0.998583
4700.00           1.001083
4702.00           0.985895
4704.00           1.008488
4706.00           1.013181
4708.00           0.999597
4710.00           0.975188
4712.00           0.958798
4714.00           0.984197
4716.00           1.020893
4718.00           1.043792
4720.00           1.017096
4722.00           0.975188
4724.00           0.969080
4726.00           0.978584
4728.00           1.009478
4730.00           1.012992
4732.00           1.012497
4734.00           1.005186
4736.00           0.991885
4738.00           0.967783
4740.00           0.972193
4742.00           0.968090
4744.00           0.960779
4746.00           0.955378
4748.00           0.950591
4750.00           0.967288
4752.00           0.977594
4754.00           1.003087
4756.00           1.023180
4758.00           1.016577
4760.00           1.038391
4762.00           1.047895
4764.00           1.065795
4766.00           1.060795
4768.00           1.028982
4770.00           1.004196
4772.00           0.960378
4774.00           0.937290
4776.00           0.924697
4778.00           0.933682
4780.00           0.959600
4782.00           0.972594
4784.00           0.984291
4786.00           0.992192
4788.00           1.008582
4790.00           1.043179
4792.00           1.074379
4794.00           1.064592
4796.00           1.035891
4798.00           1.000894
4800.00           0.982287
4802.00           0.967288
4804.00           0.958090
4806.00           0.972193
4808.00           0.962996
4810.00           0.959387
4812.00           0.965495
4814.00           0.993088
4816.00           1.031977
4818.00           1.050985
4820.00           1.064993
4822.00           1.050584
4824.00           1.041999
4826.00           1.012379
4828.00           0.994078
4830.00           0.979480
4832.00           0.986885
4834.00           1.020185
4836.00           1.038486
4838.00           1.042377
4840.00           1.036599
4842.00           1.055277
4844.00           1.057399
4846.00           1.035090
4848.00           1.004384
4850.00           1.001389
4852.00           1.034877
4854.00           1.041080
4856.00           1.033698
4858.00           1.016789
4860.00           1.021977
4862.00           1.032896
4864.00           1.017992
4866.00           0.991579
4868.00           0.957689
4870.00           0.948091
4872.00           0.961887
4874.00           0.988183
4876.00           0.997097
4878.00           0.968184
4880.00           0.958279
4882.00           0.961581
4884.00           0.986791
4886.00           0.987381
4888.00           0.978679
4890.00           0.968184
4892.00           0.967689
4894.00           0.953492
4896.00           0.928588
4898.00           0.906089
4900.00           0.925192
4902.00           0.931394
4904.00           0.954388
4906.00           0.967689
4908.00           0.966486
4910.00           0.910783
4912.00           0.869795
4914.00           0.868687
4916.00           0.886586
4918.00           0.876398
4920.00           0.896892
4922.00           0.931583
4924.00           0.948280
4926.00           0.929177
4928.00           0.908000
4930.00           0.907693
4932.00           0.897599
4934.00           0.909084
4936.00           0.920782
4938.00           0.940592
4940.00           0.959482
4942.00           0.977382
4944.00           0.981391
4946.00           0.970990
4948.00           0.968679
4950.00           0.985400
4952.00           0.997592
4954.00           0.976981
4956.00           0.950379
4958.00           0.917386
4960.00           0.916089
4962.00           0.917999
4964.00           0.929696
4966.00           0.930687
4968.00           0.927196
4970.00           0.926489
4972.00           0.937290
4974.00           0.948280
4976.00           0.958798
4978.00           0.949388
4980.00           0.933894
4982.00           0.919084
4984.00           0.926088
4986.00           0.966179
4988.00           0.988489
4990.00           1.004596
4992.00           0.995989
4994.00           1.007285
4996.00           1.005988
4998.00           1.006978
5000.00           0.973891
5002.00           0.961086
5004.00           0.954577
5006.00           0.972287
5008.00           0.981886
5010.00           0.967194
5012.00           0.965095
5014.00           0.945898
5016.00           0.941087
5018.00           0.936983
5020.00           0.940191
5022.00           0.931300
5024.00           0.906585
5026.00           0.903283
5028.00           0.911396
5030.00           0.917692
5032.00           0.914391
5034.00           0.924791
5036.00           0.931795
5038.00           0.928777
5040.00           0.911797
5042.00           0.909297
5044.00           0.917598
5046.00           0.926795
5048.00           0.927291
5050.00           0.936677
5052.00           0.952996
5054.00           0.956699
5056.00           0.920499
5058.00           0.868286
5060.00           0.834090
5062.00           0.844584
5064.00           0.864583
5066.00           0.883285
5068.00           0.890077
5070.00           0.915499
5072.00           0.928989
5074.00           0.924178
5076.00           0.921678
5078.00           0.913094
5080.00           0.878497
5082.00           0.840198
5084.00           0.839396
5086.00           0.854277
5088.00           0.869488
5090.00           0.888779
5092.00           0.922692
5094.00           0.937078
5096.00           0.921890
5098.00           0.916891
5100.00           0.921796
5102.00           0.927880
5104.00           0.929177
5106.00           0.925781
5108.00           0.936677
5110.00           0.917197
5112.00           0.895878
5114.00           0.876398
5116.00           0.892977
5118.00           0.903094
5120.00           0.887695
5122.00           0.852296
5124.00           0.836094
5126.00           0.834892
5128.00           0.841589
5130.00           0.848688
5132.00           0.890595
5134.00           0.980589
5136.00           1.044594
5138.00           1.014784
5140.00           0.929979
5142.00           0.894486
5144.00           0.925781
5146.00           0.933682
5148.00           0.920098
5150.00           0.888190
5152.00           0.871399
5154.00           0.857390
5156.00           0.869795
5158.00           0.920994
5160.00           0.960779
5162.00           0.948398
5164.00           0.923093
5166.00           0.904392
5168.00           0.901278
5170.00           0.893095
5172.00           0.884699
5174.00           0.896279
5176.00           0.892694
5178.00           0.879582
5180.00           0.873379
5182.00           0.877978
5184.00           0.867790
5186.00           0.862979
5188.00           0.860479
5190.00           0.871894
5192.00           0.870998
5194.00           0.869984
5196.00           0.868993
5198.00           0.868097
5200.00           0.867083
5202.00           0.866092
5204.00           0.888496
5206.00           0.904792
5208.00           0.917692
5210.00           0.885690
5212.00           0.818077
5214.00           0.738201
5216.00           0.698817
5218.00           0.719216
5220.00           0.746408
5222.00           0.776995
5224.00           0.811497
5226.00           0.851093
5228.00           0.851400
5230.00           0.841000
5232.00           0.844797
5234.00           0.855079
5236.00           0.858593
5238.00           0.850079
5240.00           0.842179
5242.00           0.825199
5244.00           0.822888
5246.00           0.848193
5248.00           0.879488
5250.00           0.874983
5252.00           0.858192
5254.00           0.848782
5256.00           0.854985
5258.00           0.871399
5260.00           0.888378
5262.00           0.916584
5264.00           0.935781
5266.00           0.926182
5268.00           0.894180
5270.00           0.851400
5272.00           0.827982
5274.00           0.840882
5276.00           0.868899
5278.00           0.889888
5280.00           0.896397
5282.00           0.894699
5284.00           0.898378
5286.00           0.901278
5288.00           0.935592
5290.00           0.983584
5292.00           1.004384
5294.00           0.970189
5296.00           0.915098
5298.00           0.898991
5300.00           0.934177
5302.00           0.994597
5304.00           1.030585
5306.00           1.012285
5308.00           0.959482
5310.00           0.898283
5312.00           0.863192
5314.00           0.859890
5316.00           0.866800
5318.00           0.872790
5320.00           0.878992
5322.00           0.905288
5324.00           0.927479
5326.00           0.953798
5328.00           0.983277
5330.00           0.998677
5332.00           0.997380
5334.00           0.991178
5336.00           0.997993
5338.00           0.981792
5340.00           0.979881
5342.00           0.986697
5344.00           0.983183
5346.00           1.000399
5348.00           1.016577
5350.00           1.038580
5352.00           1.023086
5354.00           1.011483
5356.00           1.037000
5358.00           1.060489
5360.00           1.062989
5362.00           1.034382
5364.00           1.002898
5366.00           1.004997
5368.00           1.004997
5370.00           0.985187
5372.00           0.949978
5374.00           0.950897
5376.00           0.971486
5378.00           0.970684
5380.00           0.937290
5382.00           0.905288
5384.00           0.922786
5386.00           0.979292
5388.00           1.019194
5390.00           1.027590
5392.00           1.000894
5394.00           0.977098
5396.00           0.976886
5398.00           1.006177
5400.00           1.034877
5402.00           1.035679
5404.00           1.059993
5406.00           1.061998
5408.00           1.032094
5410.00           0.987593
5412.00           0.983985
5414.00           1.003795
5416.00           0.991885
5418.00           0.981980
5420.00           0.989881
5422.00           1.011978
5424.00           1.025586
5426.00           1.026293
5428.00           1.028392
5430.00           1.038792
5432.00           1.048178
5434.00           1.014690
5436.00           0.970495
5438.00           0.945497
5440.00           0.941794
5442.00           0.957878
5444.00           0.984787
5446.00           1.017284
5448.00           0.992097
5450.00           0.970896
5452.00           0.960378
5454.00           0.989692
5456.00           0.992781
5458.00           0.995800
5460.00           0.998889
5462.00           1.001884
5464.00           1.004997
5466.00           1.009596
5468.00           1.006177
5470.00           0.991296
5472.00           0.975896
5474.00           0.975283
5476.00           0.991083
5478.00           1.014879
5480.00           1.035491
5482.00           1.042094
5484.00           1.017591
5486.00           0.961486
5488.00           0.918895
5490.00           0.927998
5492.00           0.973089
5494.00           1.008700
5496.00           1.000682
5498.00           0.973679
5500.00           0.965991
5502.00           0.998677
5504.00           1.056786
5506.00           1.088789
5508.00           1.076195
5510.00           1.029477
5512.00           0.989999
5514.00           0.991696
5516.00           0.999078
5518.00           0.993890
5520.00           0.975684
5522.00           0.972382
5524.00           0.988796
5526.00           1.001790
5528.00           1.021388
5530.00           1.045490
5532.00           1.044193
5534.00           1.003394
5536.00           0.953893
5538.00           0.955897
5540.00           1.011483
5542.00           1.053980
5544.00           1.047683
5546.00           1.017096
5548.00           1.000587
5550.00           0.987900
5552.00           0.975589
5554.00           0.969788
5556.00           0.970778
5558.00           0.946888
5560.00           0.948280
5562.00           0.908990
5564.00           0.901278
5566.00           0.866989
5568.00           0.883190
5570.00           0.899486
5572.00           0.915688
5574.00           0.931984
5576.00           0.948185
5578.00           0.964481
5580.00           0.980683
5582.00           0.996885
5584.00           1.013181
5586.00           1.023699
5588.00           1.026788
5590.00           1.027496
5592.00           1.041481
5594.00           1.076785
5596.00           1.078294
5598.00           1.039783
5600.00           0.986485
5602.00           0.970377
5604.00           0.956793
5606.00           0.933092
5608.00           0.938681
5610.00           0.983089
5612.00           1.031599
5614.00           1.038886
5616.00           1.035491
5618.00           1.051480
5620.00           1.072799
5622.00           1.073790
5624.00           1.056079
5626.00           1.046386
5628.00           1.046386
5630.00           1.020987
5632.00           0.972995
5634.00           0.941393
5636.00           0.955284
5638.00           0.990895
5640.00           1.015091
5642.00           1.026977
5644.00           1.032778
5646.00           1.009690
5648.00           0.987687
5650.00           0.985494
5652.00           1.010587
5654.00           1.011884
5656.00           1.013983
5658.00           1.041481
5660.00           1.057588
5662.00           1.035491
5664.00           0.992781
5666.00           0.988183
5668.00           1.009596
5670.00           1.017685
5672.00           1.014997
5674.00           1.026694
5676.00           1.047282
5678.00           1.050678
5680.00           1.031481
5682.00           1.036198
5684.00           1.016789
5686.00           0.983796
5688.00           0.968679
5690.00           1.009290
5692.00           1.032495
5694.00           0.991980
5696.00           0.950897
5698.00           0.960284
5700.00           1.009195
5702.00           1.040184
5704.00           1.030892
5706.00           0.998677
5708.00           0.971887
5710.00           0.963184
5712.00           0.949883
5714.00           0.939389
5716.00           0.931984
5718.00           0.934578
5720.00           0.972500
5722.00           1.036693
5724.00           1.088883
5726.00           1.059286
5728.00           0.998984
5730.00           0.964788
5732.00           0.981485
5734.00           1.015091
5736.00           1.017379
5738.00           0.985895
5740.00           0.943587
5742.00           0.943280
5744.00           0.984881
5746.00           1.023086
5748.00           1.032377
5750.00           1.042683
5752.00           1.040278
5754.00           1.011294
5756.00           0.976580
5758.00           0.965495
5760.00           0.988277
5762.00           1.005092
5764.00           1.043391
5766.00           1.078082
5768.00           1.074096
5770.00           1.022897
5772.00           0.997191
5774.00           0.997286
5776.00           0.989692
5778.00           0.995093
5780.00           1.010091
5782.00           1.042896
5784.00           1.062800
5786.00           1.101500
5788.00           1.111593
5790.00           1.057093
5792.00           0.994196
5794.00           0.981296
5796.00           1.008087
5798.00           1.008983
5800.00           0.995989
5802.00           1.000894
5804.00           1.022496
5806.00           1.031481
5808.00           1.036481
5810.00           1.040985
5812.00           1.040184
5814.00           1.010587
5816.00           0.999597
5818.00           1.005988
5820.00           1.005894
5822.00           0.989480
5824.00           0.976886
5826.00           0.987687
5828.00           0.991980
5830.00           0.995894
5832.00           0.992380
5834.00           0.988583
5836.00           1.003677
5838.00           1.030797
5840.00           1.059592
5842.00           1.070087
5844.00           1.072492
5846.00           1.045678
5848.00           1.006082
5850.00           0.998300
5852.00           1.016577
5854.00           1.037189
5856.00           1.031788
5858.00           1.028486
5860.00           1.017897
5862.00           1.005681
5864.00           1.002781
5866.00           1.004078
5868.00           1.006082
5870.00           0.998889
5872.00           0.992097
5874.00           0.989598
5876.00           0.987900
5878.00           0.993182
5880.00           0.992993
5882.00           0.991390
5884.00           0.989692
5886.00           0.988088
5888.00           0.986390
5890.00           0.984787
5892.00           0.983089
5894.00           0.981485
5896.00           0.979787
5898.00           0.978183
5900.00           0.976580
5902.00           0.988678
5904.00           0.976297
5906.00           0.961298
5908.00           0.963680
5910.00           1.012591
5912.00           1.044193
5914.00           1.019477
5916.00           0.971486
5918.00           0.938681
5920.00           0.946087
5922.00           0.980895
5924.00           1.030184
5926.00           1.046292
5928.00           1.019996
5930.00           0.974693
5932.00           0.927291
5934.00           0.892482
5936.00           0.868286
5938.00           0.853499
5940.00           0.820883
5942.00           0.805884
5944.00           0.838689
5946.00           0.901396
5948.00           0.947997
5950.00           0.957100
5952.00           0.956298
5954.00           0.954482
5956.00           0.950685
5958.00           0.951581
5960.00           0.959081
5962.00           0.959387
5964.00           0.953586
5966.00           0.945096
5968.00           0.945591
5970.00           0.929484
5972.00           0.917079
5974.00           0.934484
5976.00           0.962689
5978.00           0.981391
5980.00           0.973278
5982.00           0.972783
5984.00           0.995493
5986.00           1.016199
5988.00           1.023180
5990.00           1.010091
5992.00           1.014690
5994.00           1.019194
5996.00           0.980990
5998.00           0.919791
6000.00           0.898684
6002.00           0.930899
6004.00           0.955991
6006.00           0.960685
6008.00           0.946700
6010.00           0.943799
6012.00           0.959788
6014.00           0.998088
6016.00           1.031694
6018.00           1.033392
6020.00           1.037778
6022.00           1.039783
6024.00           1.044381
6026.00           1.046692
6028.00           1.054286
6030.00           1.050584
6032.00           1.006884
6034.00           0.949695
6036.00           0.914886
6038.00           0.916490
6040.00           0.945379
6042.00           0.973585
6044.00           0.966981
6046.00           0.944695
6048.00           0.945898
6050.00           0.973490
6052.00           1.009195
6054.00           1.017096
6056.00           1.011082
6058.00           1.013299
6060.00           1.025491
6062.00           1.037589
6064.00           1.017992
6066.00           0.991296
6068.00           0.976580
6070.00           0.967476
6072.00           0.949082
6074.00           0.931984
6076.00           0.937479
6078.00           0.949978
6080.00           0.944294
6082.00           0.929885
6084.00           0.928281
6086.00           0.943186
6088.00           0.956888
6090.00           0.958279
6092.00           0.969693
6094.00           1.011294
6096.00           1.066384
6098.00           1.101877
6100.00           1.089590
6102.00           1.040797
6104.00           0.990989
6106.00           0.971391
6108.00           0.992781
6110.00           1.025185
6112.00           1.025279
6114.00           0.981296
6116.00           0.948987
6118.00           0.956298
6120.00           0.998795
6122.00           1.035396
6124.00           1.049593
6126.00           1.037000
6128.00           1.003795
6130.00           0.982688
6132.00           0.985187
6134.00           0.992687
6136.00           0.979881
6138.00           0.974787
6140.00           0.981697
6142.00           0.996484
6144.00           0.999290
6146.00           0.988984
6148.00           1.000399
6150.00           1.037778
6152.00           1.074686
6154.00           1.098198
6156.00           1.091595
6158.00           1.071596
6160.00           1.031694
6162.00           0.995493
6164.00           0.983490
6166.00           0.974882
6168.00           0.980188
6170.00           0.971887
6172.00           0.945992
6174.00           0.923400
6176.00           0.930687
6178.00           0.978985
6180.00           1.014879
6182.00           1.028793
6184.00           1.041787
6186.00           1.056079
6188.00           1.060394
6190.00           1.042778
6192.00           1.005681
6194.00           0.975283
6196.00           0.958680
6198.00           0.949082
6200.00           0.946393
6202.00           0.947997
6204.00           0.945285
6206.00           0.947478
6208.00           0.951794
6210.00           0.956392
6212.00           0.956793
6214.00           0.959081
6216.00           0.974599
6218.00           0.978796
6220.00           0.961793
6222.00           0.936795
6224.00           0.934177
6226.00           0.967995
6228.00           1.002285
6230.00           1.010186
6232.00           0.992687
6234.00           0.963184
6236.00           0.926984
6238.00           0.881091
6240.00           0.861682
6242.00           0.858994
6244.00           0.858098
6246.00           0.859583
6248.00           0.908377
6250.00           0.967099
6252.00           1.000587
6254.00           1.018086
6256.00           1.028982
6258.00           1.024689
6260.00           0.981391
6262.00           0.959694
6264.00           0.958491
6266.00           0.949978
6268.00           0.914886
6270.00           0.890996
6272.00           0.879299
6274.00           0.859489
6276.00           0.827487
6278.00           0.820695
6280.00           0.843783
6282.00           0.880879
6284.00           0.902387
6286.00           0.909297
6288.00           0.904792
6290.00           0.895100
6292.00           0.885289
6294.00           0.875596
6296.00           0.865786
6298.00           0.856093
6300.00           0.846282
6302.00           0.836590
6304.00           0.826779
6306.00           0.817087
6308.00           0.807299
6310.00           0.783598
6312.00           0.802889
6314.00           0.859088
6316.00           0.914579
6318.00           0.906797
6320.00           0.890289
6322.00           0.890477
6324.00           0.914792
6326.00           0.921489
6328.00           0.914579
6330.00           0.899581
6332.00           0.876587
6334.00           0.869300
6336.00           0.880077
6338.00           0.891892
6340.00           0.899486
6342.00           0.904392
6344.00           0.918895
6346.00           0.925687
6348.00           0.899698
6350.00           0.877082
6352.00           0.866989
6354.00           0.882695
6356.00           0.886397
6358.00           0.890077
6360.00           0.893779
6362.00           0.897387
6364.00           0.901090
6366.00           0.904792
6368.00           0.908495
6370.00           0.912080
6372.00           0.908896
6374.00           0.903684
6376.00           0.917692
6378.00           0.941889
6380.00           0.946488
6382.00           0.922197
6384.00           0.896397
6386.00           0.890878
6388.00           0.910193
6390.00           0.926984
6392.00           0.932691
6394.00           0.935993
6396.00           0.960496
6398.00           0.992380
6400.00           0.983890
6402.00           0.958987
6404.00           0.945497
6406.00           0.954199
6408.00           0.945591
6410.00           0.921796
6412.00           0.898378
6414.00           0.886893
6416.00           0.888779
6418.00           0.891892
6420.00           0.889699
6422.00           0.888190
6424.00           0.914980
6426.00           0.956298
6428.00           0.982098
6430.00           0.976792
6432.00           0.974292
6434.00           0.984291
6436.00           0.988183
6438.00           0.972594
6440.00           0.955095
6442.00           0.949577
6444.00           0.942384
6446.00           0.921489
6448.00           0.900783
6450.00           0.892977
6452.00           0.893590
6454.00           0.906986
6456.00           0.920900
6458.00           0.934578
6460.00           0.951180
6462.00           0.979881
6464.00           0.999691
6466.00           0.970990
6468.00           0.933092
6470.00           0.909698
6472.00           0.911278
6474.00           0.907787
6476.00           0.910099
6478.00           0.921088
6480.00           0.928989
6482.00           0.938587
6484.00           0.940096
6486.00           0.932078
6488.00           0.918494
6490.00           0.926395
6492.00           0.958279
6494.00           0.995399
6496.00           1.013794
6498.00           0.967382
6500.00           0.910287
6502.00           0.897883
6504.00           0.918990
6506.00           0.931677
6508.00           0.907198
6510.00           0.904887
6512.00           0.917881
6514.00           0.921088
6516.00           0.922079
6518.00           0.940592
6520.00           0.959293
6522.00           0.974481
6524.00           0.973797
6526.00           0.964293
6528.00           0.959600
6530.00           0.955591
6532.00           0.959977
6534.00           0.954577
6536.00           0.942478
6538.00           0.946393
6540.00           0.968679
6542.00           0.989197
6544.00           0.990093
6546.00           0.962100
6548.00           0.915593
6550.00           0.904085
6552.00           0.913683
6554.00           0.903377
6556.00           0.881091
6558.00           0.867083
6560.00           0.893590
6562.00           0.911679
6564.00           0.917292
6566.00           0.929979
6568.00           0.949082
6570.00           0.963397
6572.00           0.971486
6574.00           0.968986
6576.00           0.962288
6578.00           0.953091
6580.00           0.944294
6582.00           0.944389
6584.00           0.948280
6586.00           0.956392
6588.00           0.966580
6590.00           0.975684
6592.00           0.986390
6594.00           0.991579
6596.00           0.978891
6598.00           0.949789
6600.00           0.949883
6602.00           0.982593
6604.00           1.020397
6606.00           1.019878
6608.00           1.001578
6610.00           1.007285
6612.00           1.052400
6614.00           1.120178
6616.00           1.216185
6618.00           1.342379
6620.00           1.478383
6622.00           1.545477
6624.00           1.505386
6626.00           1.373485
6628.00           1.206799
6630.00           1.057894
6632.00           0.980282
6634.00           0.995682
6636.00           1.062187
6638.00           1.135790
6640.00           1.183192
6642.00           1.206587
6644.00           1.205691
6646.00           1.178499
6648.00           1.124989
6650.00           1.042188
6652.00           0.963585
6654.00           0.924390
6656.00           0.931583
6658.00           0.950897
6660.00           0.969599
6662.00           0.982593
6664.00           0.988183
6666.00           0.970589
6668.00           0.941794
6670.00           0.930286
6672.00           0.945992
6674.00           0.957996
6676.00           0.956086
6678.00           0.948681
6680.00           0.947785
6682.00           0.953397
6684.00           0.961298
6686.00           0.976792
6688.00           0.977995
6690.00           0.961982
6692.00           0.940686
6694.00           0.935592
6696.00           0.951487
6698.00           0.966580
6700.00           0.966085
6702.00           0.955591
6704.00           0.946087
6706.00           0.943492
6708.00           0.933682
6710.00           0.919886
6712.00           0.911089
6714.00           0.906891
6716.00           0.901090
6718.00           0.899793
6720.00           0.905689
6722.00           0.917598
6724.00           0.921584
6726.00           0.916490
6728.00           0.921489
6730.00           0.945591
6732.00           0.959081
6734.00           0.954081
6736.00           0.935191
6738.00           0.928989
6740.00           0.927998
6742.00           0.924390
6744.00           0.927479
6746.00           0.942384
6748.00           0.954388
6750.00           0.951699
6752.00           0.938799
6754.00           0.939295
6756.00           0.943587
6758.00           0.941393
6760.00           0.936582
6762.00           0.932597
6764.00           0.928777
6766.00           0.918990
6768.00           0.927998
6770.00           0.943799
6772.00           0.958397
6774.00           0.970189
6776.00           0.976580
6778.00           0.983796
6780.00           0.984999
6782.00           0.988277
6784.00           0.984480
6786.00           0.977287
6788.00           0.984598
6790.00           1.004078
6792.00           1.013181
6794.00           1.002993
6796.00           0.988395
6798.00           0.991083
6800.00           0.991390
6802.00           0.969481
6804.00           0.938681
6806.00           0.937597
6808.00           0.955284
6810.00           0.950685
6812.00           0.919980
6814.00           0.896585
6816.00           0.887789
6818.00           0.869583
6820.00           0.873498
6822.00           0.922480
6824.00           1.008983
6826.00           1.063083
6828.00           1.061385
6830.00           1.030279
6832.00           0.998583
6834.00           0.964081
6836.00           0.944294
6838.00           0.941488
6840.00           0.953987
6842.00           0.949695
6844.00           0.928281
6846.00           0.916089
6848.00           0.917197
6850.00           0.904085
6852.00           0.845599
6854.00           0.780485
6856.00           0.828996
6858.00           0.995894
6860.00           1.152487
6862.00           1.110697
6864.00           0.876186
6866.00           0.636510
6868.00           0.546516
6870.00           0.597904
6872.00           0.681412
6874.00           0.750417
6876.00           0.830081
6878.00           0.887977
6880.00           0.885690
6882.00           0.839986
6884.00           0.827487
6886.00           0.856777
6888.00           0.862178
6890.00           0.809681
6892.00           0.761807
6894.00           0.789494
6896.00           0.880690
6898.00           0.941582
6900.00           0.912292
6902.00           0.818289
6904.00           0.755912
6906.00           0.800389
6908.00           0.901184
6910.00           0.950591
6912.00           0.881987
6914.00           0.770321
6916.00           0.769802
6918.00           0.908094
6920.00           1.073790
6922.00           1.097585
6924.00           0.998889
6926.00           0.885195
6928.00           0.833878
6930.00           0.827180
6932.00           0.862885
6934.00           0.929791
6936.00           0.975495
6938.00           0.931489
6940.00           0.848688
6942.00           0.843193
6944.00           0.955095
6946.00           1.085086
6948.00           1.113292
6950.00           1.029288
6952.00           0.928399
6954.00           0.887977
6956.00           0.906184
6958.00           0.912881
6960.00           0.910877
6962.00           0.929083
6964.00           0.977877
6966.00           0.993984
6968.00           0.945992
6970.00           0.884487
6972.00           0.891987
6974.00           0.973679
6976.00           1.045395
6978.00           1.033392
6980.00           0.966580
6982.00           0.913778
6984.00           0.907386
6986.00           0.922480
6988.00           0.932597
6990.00           0.934177
6992.00           0.939696
6994.00           0.957595
6996.00           0.976297
6998.00           0.988395
7000.00           0.985187
7002.00           0.966793
7004.00           0.950379
7006.00           0.955284
7008.00           0.981391
7010.00           0.983183
7012.00           0.950591
7014.00           0.910688
7016.00           0.908094
7018.00           0.944978
7020.00           0.978985
7022.00           0.978584
7024.00           0.951393
7026.00           0.939578
7028.00           0.958586
7030.00           0.980093
7032.00           0.970495
7034.00           0.942478
7036.00           0.924885
7038.00           0.933187
7040.00           0.944483
7042.00           0.957383
7044.00           0.975377
7046.00           0.993489
7048.00           0.993795
7050.00           0.982688
7052.00           0.978089
7054.00           0.970189
7056.00           0.958987
7058.00           0.948398
7060.00           0.953586
7062.00           0.968278
7064.00           0.977098
7066.00           0.978183
7068.00           0.973184
7070.00           0.958680
7072.00           0.944389
7074.00           0.934389
7076.00           0.932385
7078.00           0.933588
7080.00           0.931300
7082.00           0.934484
7084.00           0.945898
7086.00           0.959387
7088.00           0.970283
7090.00           0.972287
7092.00           0.962100
7094.00           0.951180
7096.00           0.950897
7098.00           0.965778
7100.00           0.988088