3650.00           0.217765
3652.00           0.342079
3654.00           0.403211
3656.00           0.409358
3658.00           0.389038
3660.00           0.379134
3662.00           0.333541
3664.00           0.312025
3666.00           0.316635
3668.00           0.307414
3670.00           0.334053
3672.00           0.327222
3674.00           0.325515
3676.00           0.268481
3678.00           0.247136
3680.00           0.295461
3682.00           0.338493
3684.00           0.384256
3686.00           0.336444
3688.00           0.301438
3690.00           0.252771
3692.00           0.272408
3694.00           0.306048
3696.00           0.316635
3698.00           0.334053
3700.00           0.363082
3702.00           0.387842
3704.00           0.352836
3706.00           0.347201
3708.00           0.304341
3710.00           0.259260
3712.00           0.239452
3714.00           0.256698
3716.00           0.309976
3718.00           0.304341
3720.00           0.328589
3722.00           0.342249
3724.00           0.366839
3726.00           0.363765
3728.00           0.362057
3730.00           0.343615
3732.00           0.312025
3734.00           0.334907
3736.00           0.380841
3738.00           0.388867
3740.00           0.386135
3742.00           0.381695
3744.00           0.406967
3746.00           0.445559
3748.00           0.452560
3750.00           0.451194
3752.00           0.438900
3754.00           0.468612
3756.00           0.541868
3758.00           0.585412
3760.00           0.634420
3762.00           0.705457
3764.00           0.884584
3766.00           1.119038
3768.00           1.546281
3770.00           2.159652
3772.00           2.995012
3774.00           3.663710
3776.00           3.586868
3778.00           2.966324
3780.00           2.102448
3782.00           1.474903
3784.00           0.996432
3786.00           0.636811
3788.00           0.476809
3790.00           0.415164
3792.00           0.382719
3794.00           0.365644
3796.00           0.324149
3798.00           0.315952
3800.00           0.317660
3802.00           0.310317
3804.00           0.310829
3806.00           0.317831
3808.00           0.324661
3810.00           0.349763
3812.00           0.349080
3814.00           0.382549
3816.00           0.373840
3818.00           0.359325
3820.00           0.342762
3822.00           0.360350
3824.00           0.408334
3826.00           0.426605
3828.00           0.435143
3830.00           0.415847
3832.00           0.413456
3834.00           0.401162
3836.00           0.393990
3838.00           0.366326
3840.00           0.343615
3842.00           0.343274
3844.00           0.400308
3846.00           0.444706
3848.00           0.444876
3850.00           0.406455
3852.00           0.390062
3854.00           0.369400
3856.00           0.357106
3858.00           0.334053
3860.00           0.344640
3862.00           0.317831
3864.00           0.295290
3866.00           0.272579
3868.00           0.259601
3870.00           0.275482
3872.00           0.265236
3874.00           0.290851
3876.00           0.273433
3878.00           0.271725
3880.00           0.281288
3882.00           0.283166
3884.00           0.283166
3886.00           0.275311
3888.00           0.285557
3890.00           0.311854
3892.00           0.306902
3894.00           0.303487
3896.00           0.323807
3898.00           0.340371
3900.00           0.378963
3902.00           0.419433
3904.00           0.472369
3906.00           0.541698
3908.00           0.613588
3910.00           0.726119
3912.00           0.859653
3914.00           1.046124
3916.00           1.308582
3918.00           1.467219
3920.00           1.474049
3922.00           1.216030
3924.00           0.924030
3926.00           0.656790
3928.00           0.519328
3930.00           0.428142
3932.00           0.413627
3934.00           0.430020
3936.00           0.481419
3938.00           0.511644
3940.00           0.514547
3942.00           0.479370
3944.00           0.449828
3946.00           0.413456
3948.00           0.402528
3950.00           0.406114
3952.00           0.380158
3954.00           0.398088
3956.00           0.353690
3958.00           0.375718
3960.00           0.356764
3962.00           0.368888
3964.00           0.359667
3966.00           0.334907
3968.00           0.308439
3970.00           0.326710
3972.00           0.327222
3974.00           0.334053
3976.00           0.289143
3978.00           0.291192
3980.00           0.265919
3982.00           0.263700
3984.00           0.248160
3986.00           0.263358
3988.00           0.278214
3990.00           0.304341
3992.00           0.319880
3994.00           0.319197
3996.00           0.335590
3998.00           0.378963
4000.00           0.408334
4002.00           0.440949
4004.00           0.434118
4006.00           0.466221
4008.00           0.479711
4010.00           0.503789
4012.00           0.511985
4014.00           0.559115
4016.00           0.640738
4018.00           0.711263
4020.00           0.715019
4022.00           0.689234
4024.00           0.639714
4026.00           0.582509
4028.00           0.494055
4030.00           0.464343
4032.00           0.428142
4034.00           0.428825
4036.00           0.445218
4038.00           0.497129
4040.00           0.539307
4042.00           0.588998
4044.00           0.594633
4046.00           0.590364
4048.00           0.529915
4050.00           0.535379
4052.00           0.557407
4054.00           0.579435
4056.00           0.569361
4058.00           0.541014
4060.00           0.539307
4062.00           0.564238
4064.00           0.595316
4066.00           0.628956
4068.00           0.605733
4070.00           0.594633
4072.00           0.578923
4074.00           0.616661
4076.00           0.625541
4078.00           0.609660
4080.00           0.559798
4082.00           0.566970
4084.00           0.615124
4086.00           0.645007
4088.00           0.616832
4090.00           0.586949
4092.00           0.567824
4094.00           0.561335
4096.00           0.533159
4098.00           0.496958
4100.00           0.507545
4102.00           0.518303
4104.00           0.548869
4106.00           0.545283
4108.00           0.512327
4110.00           0.509424
4112.00           0.550406
4114.00           0.612221
4116.00           0.654741
4118.00           0.707506
4120.00           0.764027
4122.00           0.786226
4124.00           0.731241
4126.00           0.696065
4128.00           0.669768
4130.00           0.688039
4132.00           0.705798
4134.00           0.745073
4136.00           0.742512
4138.00           0.671134
4140.00           0.607270
4142.00           0.592243
4144.00           0.610002
4146.00           0.613929
4148.00           0.633054
4150.00           0.667377
4152.00           0.740633
4154.00           0.746951
4156.00           0.763515
4158.00           0.732266
4160.00           0.701358
4162.00           0.668231
4164.00           0.638860
4166.00           0.632201
4168.00           0.620589
4170.00           0.618710
4172.00           0.626907
4174.00           0.638348
4176.00           0.622979
4178.00           0.607611
4180.00           0.597024
4182.00           0.596170
4184.00           0.587803
4186.00           0.587803
4188.00           0.595658
4190.00           0.587120
4192.00           0.577728
4194.00           0.590023
4196.00           0.596682
4198.00           0.571068
4200.00           0.546137
4202.00           0.560140
4204.00           0.587461
4206.00           0.612734
4208.00           0.620760
4210.00           0.608635
4212.00           0.608123
4214.00           0.611026
4216.00           0.608635
4218.00           0.627761
4220.00           0.616832
4222.00           0.605220
4224.00           0.578923
4226.00           0.560481
4228.00           0.560140
4230.00           0.553992
4232.00           0.571068
4234.00           0.566799
4236.00           0.542039
4238.00           0.529744
4240.00           0.524109
4242.00           0.532306
4244.00           0.542039
4246.00           0.582168
4248.00           0.600951
4250.00           0.608806
4252.00           0.613929
4254.00           0.618027
4256.00           0.630151
4258.00           0.615124
4260.00           0.635445
4262.00           0.645178
4264.00           0.647569
4266.00           0.630151
4268.00           0.626565
4270.00           0.652521
4272.00           0.657131
4274.00           0.641422
4276.00           0.610002
4278.00           0.616320
4280.00           0.608635
4282.00           0.604879
4284.00           0.590706
4286.00           0.599927
4288.00           0.622467
4290.00           0.659010
4292.00           0.679160
4294.00           0.673354
4296.00           0.646032
4298.00           0.653546
4300.00           0.649106
4302.00           0.657815
4304.00           0.619394
4306.00           0.626395
4308.00           0.601634
4310.00           0.602317
4312.00           0.611368
4314.00           0.669426
4316.00           0.707506
4318.00           0.712287
4320.00           0.679330
4322.00           0.647569
4324.00           0.644837
4326.00           0.624004
4328.00           0.600268
4330.00           0.555358
4332.00           0.577728
4334.00           0.601293
4336.00           0.641934
4338.00           0.617003
4340.00           0.617003
4342.00           0.597707
4344.00           0.601805
4346.00           0.572264
4348.00           0.526158
4350.00           0.468441
4352.00           0.483127
4354.00           0.534867
4356.00           0.594121
4358.00           0.584217
4360.00           0.553309
4362.00           0.513010
4364.00           0.494909
4366.00           0.533501
4368.00           0.605903
4370.00           0.651667
4372.00           0.685648
4374.00           0.704261
4376.00           0.728168
4378.00           0.716556
4380.00           0.691284
4382.00           0.706994
4384.00           0.734315
4386.00           0.779567
4388.00           0.833015
4390.00           0.901490
4392.00           0.985162
4394.00           1.040489
4396.00           1.095815
4398.00           1.098718
4400.00           1.064907
4402.00           0.977478
4404.00           0.887487
4406.00           0.828916
4408.00           0.796472
4410.00           0.794935
4412.00           0.820208
4414.00           0.878266
4416.00           0.929665
4418.00           0.965013
4420.00           0.972526
4422.00           0.946912
4424.00           0.905246
4426.00           0.838308
4428.00           0.780250
4430.00           0.726631
4432.00           0.696065
4434.00           0.683087
4436.00           0.669085
4438.00           0.650130
4440.00           0.627590
4442.00           0.633567
4444.00           0.630322
4446.00           0.637323
4448.00           0.642275
4450.00           0.656619
4452.00           0.698114
4454.00           0.702724
4456.00           0.708530
4458.00           0.680355
4460.00           0.689576
4462.00           0.699822
4464.00           0.712116
4466.00           0.720825
4468.00           0.737047
4470.00           0.767784
4472.00           0.771370
4474.00           0.778542
4476.00           0.777176
4478.00           0.770346
4480.00           0.761466
4482.00           0.743366
4484.00           0.734827
4486.00           0.715019
4488.00           0.728339
4490.00           0.750708
4492.00           0.779908
4494.00           0.790325
4496.00           0.806547
4498.00           0.807059
4500.00           0.804327
4502.00           0.804327
4504.00           0.812865
4506.00           0.815939
4508.00           0.782299
4510.00           0.764540
4512.00           0.751050
4514.00           0.750025
4516.00           0.752416
4518.00           0.758563
4520.00           0.783323
4522.00           0.772566
4524.00           0.781104
4526.00           0.808596
4528.00           0.846163
4530.00           0.861019
4532.00           0.859141
4534.00           0.862898
4536.00           0.865801
4538.00           0.854018
4540.00           0.854701
4542.00           0.864093
4544.00           0.883389
4546.00           0.885097
4548.00           0.851115
4550.00           0.827380
4552.00           0.839333
4554.00           0.849408
4556.00           0.874168
4558.00           0.886463
4560.00           0.943326
4562.00           0.978161
4564.00           0.997115
4566.00           0.982772
4568.00           0.955962
4570.00           0.932739
4572.00           0.928470
4574.00           0.925908
4576.00           0.905246
4578.00           0.884072
4580.00           0.873997
4582.00           0.858116
4584.00           0.835747
4586.00           0.800912
4588.00           0.782640
4590.00           0.787763
4592.00           0.798009
4594.00           0.802449
4596.00           0.821061
4598.00           0.849237
4600.00           0.866654
4602.00           0.871265
4604.00           0.861873
4606.00           0.880145
4608.00           0.881169
4610.00           0.882023
4612.00           0.893805
4614.00           0.901319
4616.00           0.918566
4618.00           0.928128
4620.00           0.939569
4622.00           0.939911
4624.00           0.928640
4626.00           0.931031
4628.00           0.928640
4630.00           0.936837
4632.00           0.938545
4634.00           0.946570
4636.00           0.937862
4638.00           0.938715
4640.00           0.949303
4642.00           0.932397
4644.00           0.904734
4646.00           0.896879
4648.00           0.914809
4650.00           0.940252
4652.00           0.935129
4654.00           0.936325
4656.00           0.922664
4658.00           0.899270
4660.00           0.875193
4662.00           0.880315
4664.00           0.901490
4666.00           0.935642
4668.00           0.967574
4670.00           1.001214
4672.00           1.020851
4674.00           1.013850
4676.00           1.004970
4678.00           0.988919
4680.00           0.975429
4682.00           0.962963
4684.00           0.971501
4686.00           0.991310
4688.00           1.004458
4690.00           1.012313
4692.00           1.014192
4694.00           0.977136
4696.00           0.939569
4698.00           0.886633
4700.00           0.895172
4702.00           0.898416
4704.00           0.906783
4706.00           0.900636
4708.00           0.910882
4710.00           0.929324
4712.00           0.941960
4714.00           0.970648
4716.00           0.986016
4718.00           1.006166
4720.00           1.003604
4722.00           0.983625
4724.00           0.942643
4726.00           0.886292
4728.00           0.875022
4730.00           0.879462
4732.00           0.911735
4734.00           0.934617
4736.00           0.960402
4738.00           0.977136
4740.00           1.008556
4742.00           1.039122
4744.00           1.070713
4746.00           1.111696
4748.00           1.141750
4750.00           1.122454
4752.00           1.074982
4754.00           1.030243
4756.00           1.004117
4758.00           0.960573
4760.00           0.931031
4762.00           0.913614
4764.00           0.912589
4766.00           0.919932
4768.00           0.926421
4770.00           0.949815
4772.00           0.967403
4774.00           0.994383
4776.00           0.995408
4778.00           0.989090
4780.00           0.986699
4782.00           1.000018
4784.00           0.985675
4786.00           0.956475
4788.00           0.925908
4790.00           0.930519
4792.00           0.947424
4794.00           0.948961
4796.00           0.959036
4798.00           0.967745
4800.00           0.991139
4802.00           1.004287
4804.00           1.022559
4806.00           1.027511
4808.00           1.029218
4810.00           1.011459
4812.00           1.003946
4814.00           1.004287
4816.00           1.019314
4818.00           1.017948
4820.00           0.995066
4822.00           0.982430
4824.00           0.975941
4826.00           0.982259
4828.00           0.971160
4830.00           0.966379
4832.00           0.978332
4834.00           0.997115
4836.00           1.002580
4838.00           0.977136
4840.00           0.964159
4842.00           0.973550
4844.00           1.001214
4846.00           1.009410
4848.00           0.994042
4850.00           1.007532
4852.00           1.000531
4854.00           1.023413
4856.00           1.001384
4858.00           1.002238
4860.00           0.986528
4862.00           0.998652
4864.00           1.001555
4866.00           0.995749
4868.00           0.992846
4870.00           0.997115
4872.00           1.000360
4874.00           1.015216
4876.00           1.044587
4878.00           1.079251
4880.00           1.064737
4882.00           1.030414
4884.00           1.010264
4886.00           1.003604
4888.00           1.007532
4890.00           0.996603
4892.00           0.987041
4894.00           0.984308
4896.00           0.997457
4898.00           1.016924
4900.00           1.029218
4902.00           1.041513
4904.00           1.055003
4906.00           1.079593
4908.00           1.099230
4910.00           1.144823
4912.00           1.191953
4914.00           1.237717
4916.00           1.285701
4918.00           1.375862
4920.00           1.550208
4922.00           1.752901
4924.00           1.938347
4926.00           1.979842
4928.00           1.877727
4930.00           1.674010
4932.00           1.451850
4934.00           1.263331
4936.00           1.148238
4938.00           1.083862
4940.00           1.041001
4942.00           1.002068
4944.00           0.982601
4946.00           0.981406
4948.00           0.982259
4950.00           0.980723
4952.00           0.985845
4954.00           0.988065
4956.00           0.983113
4958.00           0.987724
4960.00           0.999506
4962.00           1.009239
4964.00           1.005483
4966.00           0.999165
4968.00           1.014533
4970.00           1.015558
4972.00           1.000531
4974.00           0.980210
4976.00           0.988065
4978.00           0.986016
4980.00           0.983967
4982.00           0.973892
4984.00           0.983625
4986.00           1.002068
4988.00           1.021876
4990.00           1.040318
4992.00           1.077714
4994.00           1.121429
4996.00           1.147555
4998.00           1.153873
5000.00           1.153361
5002.00           1.182561
5004.00           1.252915
5006.00           1.375008
5008.00           1.502054
5010.00           1.669228
5012.00           1.894803
5014.00           2.194487
5016.00           2.550010
5018.00           3.057510
5020.00           3.696837
5022.00           4.328138
5024.00           4.657364
5026.00           4.609723
5028.00           3.982519
5030.00           3.127010
5032.00           2.281917
5034.00           1.773904
5036.00           1.506152
5038.00           1.359981
5040.00           1.301752
5042.00           1.266575
5044.00           1.253427
5046.00           1.269649
5048.00           1.355029
5050.00           1.429993
5052.00           1.584531
5054.00           1.772709
5056.00           1.981891
5058.00           2.249814
5060.00           2.618827
5062.00           3.208804
5064.00           4.076267
5066.00           5.280128
5068.00           6.933772
5070.00           9.134190
5072.00          11.039530
5074.00          11.408040
5076.00           9.876314
5078.00           7.163273
5080.00           4.794314
5082.00           3.174140
5084.00           2.286869
5086.00           1.806008
5088.00           1.472854
5090.00           1.298849
5092.00           1.206980
5094.00           1.114086
5096.00           1.073787
5098.00           1.010606
5100.00           0.977136
5102.00           0.949303
5104.00           0.951693
5106.00           0.951010
5108.00           0.951693
5110.00           0.964842
5112.00           0.974404
5114.00           0.974234
5116.00           0.970989
5118.00           0.977649
5120.00           0.945546
5122.00           0.910198
5124.00           0.877925
5126.00           0.887316
5128.00           0.891244
5130.00           0.877242
5132.00           0.866313
5134.00           0.867850
5136.00           0.867167
5138.00           0.857263
5140.00           0.851115
5142.00           0.863069
5144.00           0.858116
5146.00           0.832844
5148.00           0.809621
5150.00           0.823281
5152.00           0.867337
5154.00           0.902514
5156.00           0.904734
5158.00           0.880315
5160.00           0.868704
5162.00           0.866142
5164.00           0.850432
5166.00           0.833015
5168.00           0.817988
5170.00           0.819866
5172.00           0.826697
5174.00           0.841894
5176.00           0.839333
5178.00           0.816793
5180.00           0.822428
5182.00           0.838137
5184.00           0.847359
5186.00           0.830624
5188.00           0.825843
5190.00           0.829941
5192.00           0.839504
5194.00           0.871265
5196.00           0.897050
5198.00           0.900977
5200.00           0.876046
5202.00           0.852823
5204.00           0.843943
5206.00           0.841382
5208.00           0.845651
5210.00           0.856750
5212.00           0.868533
5214.00           0.883901
5216.00           0.896196
5218.00           0.901148
5220.00           0.900807
5222.00           0.892952
5224.00           0.884755
5226.00           0.864435
5228.00           0.836259
5230.00           0.808254
5232.00           0.774102
5234.00           0.759076
5236.00           0.754977
5238.00           0.749854
5240.00           0.735510
5242.00           0.726119
5244.00           0.751050
5246.00           0.785031
5248.00           0.808254
5250.00           0.818842
5252.00           0.824647
5254.00           0.841723
5256.00           0.875193
5258.00           0.917712
5260.00           0.961768
5262.00           1.001043
5264.00           1.023413
5266.00           1.028365
5268.00           1.019144
5270.00           0.987894
5272.00           0.939399
5274.00           0.892610
5276.00           0.890561
5278.00           0.902685
5280.00           0.891415
5282.00           0.859141
5284.00           0.876559
5286.00           0.913614
5288.00           0.922835
5290.00           0.898757
5292.00           0.882364
5294.00           0.890049
5296.00           0.886121
5298.00           0.882023
5300.00           0.904563
5302.00           0.941106
5304.00           0.957328
5306.00           0.944863
5308.00           0.927957
5310.00           0.933593
5312.00           0.941448
5314.00           0.938203
5316.00           0.929836
5318.00           0.933080
5320.00           0.951181
5322.00           0.953913
5324.00           0.940423
5326.00           0.932397
5328.00           0.936666
5330.00           0.940935
5332.00           0.919249
5334.00           0.887658
5336.00           0.869387
5338.00           0.878437
5340.00           0.912760
5342.00           0.940423
5344.00           0.949986
5346.00           0.948790
5348.00           0.951181
5350.00           0.955621
5352.00           0.966037
5354.00           0.981918
5356.00           0.997628
5358.00           1.004287
5360.00           0.994725
5362.00           0.975941
5364.00           0.960914
5366.00           0.964159
5368.00           0.994725
5370.00           1.040659
5372.00           1.071567
5374.00           1.071738
5376.00           1.046124
5378.00           1.025974
5380.00           1.028365
5382.00           1.044416
5384.00           1.051247
5386.00           1.029560
5388.00           1.005312
5390.00           0.989090
5392.00           0.975429
5394.00           0.967915
5396.00           0.953401
5398.00           0.943326
5400.00           0.938032
5402.00           0.946741
5404.00           0.973209
5406.00           0.993017
5408.00           1.001214
5410.00           0.992505
5412.00           0.964842
5414.00           0.939057
5416.00           0.949986
5418.00           0.985504
5420.00           1.019314
5422.00           1.026999
5424.00           1.038269
5426.00           1.046807
5428.00           1.030243
5430.00           1.004970
5432.00           0.994383
5434.00           1.010776
5436.00           1.018631
5438.00           1.003604
5440.00           0.982772
5442.00           0.970648
5444.00           0.979527
5446.00           1.011289
5448.00           1.031609
5450.00           1.022217
5452.00           0.992846
5454.00           0.998823
5456.00           1.070884
5458.00           1.156435
5460.00           1.169925
5462.00           1.093254
5464.00           0.987041
5466.00           0.942472
5468.00           0.940423
5470.00           0.951352
5472.00           0.945717
5474.00           0.928128
5476.00           0.922152
5478.00           0.929665
5480.00           0.957670
5482.00           0.969965
5484.00           0.970648
5486.00           0.983967
5488.00           1.011118
5490.00           1.041855
5492.00           1.050222
5494.00           1.035024
5496.00           1.017094
5498.00           1.023242
5500.00           1.041172
5502.00           1.026828
5504.00           0.998823
5506.00           0.979698
5508.00           0.985845
5510.00           0.995408
5512.00           1.013338
5514.00           1.029389
5516.00           1.021705
5518.00           0.989943
5520.00           0.966720
5522.00           0.974917
5524.00           1.002751
5526.00           1.023242
5528.00           1.013850
5530.00           0.977136
5532.00           0.934446
5534.00           0.920956
5536.00           0.944521
5538.00           0.986016
5540.00           1.022900
5542.00           1.046807
5544.00           1.055003
5546.00           1.045270
5548.00           1.027511
5550.00           1.009752
5552.00           0.996262
5554.00           0.985504
5556.00           0.986699
5558.00           0.981064
5560.00           0.955621
5562.00           0.908662
5564.00           0.881852
5566.00           0.884755
5568.00           0.910028
5570.00           0.935471
5572.00           0.960914
5574.00           0.986358
5576.00           1.011801
5578.00           1.037244
5580.00           1.062517
5582.00           1.087960
5584.00           1.107939
5586.00           1.100938
5588.00           1.085228
5590.00           1.050563
5592.00           1.033658
5594.00           1.015899
5596.00           1.017265
5598.00           1.034853
5600.00           1.067810
5602.00           1.108280
5604.00           1.131333
5606.00           1.120917
5608.00           1.083349
5610.00           1.053808
5612.00           1.064907
5614.00           1.086935
5616.00           1.103328
5618.00           1.108110
5620.00           1.120234
5622.00           1.118355
5624.00           1.100084
5626.00           1.079422
5628.00           1.053979
5630.00           1.036220
5632.00           1.031609
5634.00           1.044416
5636.00           1.038781
5638.00           1.018802
5640.00           1.017948
5642.00           1.053125
5644.00           1.076519
5646.00           1.075836
5648.00           1.065932
5650.00           1.063712
5652.00           1.062004
5654.00           1.040830
5656.00           1.015728
5658.00           1.006337
5660.00           1.005654
5662.00           1.009923
5664.00           1.011972
5666.00           1.022730
5668.00           1.031438
5670.00           1.017607
5672.00           0.998140
5674.00           1.002409
5676.00           1.028365
5678.00           1.043733
5680.00           1.055345
5682.00           1.058248
5684.00           1.061834
5686.00           1.063712
5688.00           1.066103
5690.00           1.067127
5692.00           1.055857
5694.00           1.055345
5696.00           1.066786
5698.00           1.079080
5700.00           1.079934
5702.00           1.070201
5704.00           1.064395
5706.00           1.063370
5708.00           1.059101
5710.00           1.055003
5712.00           1.050222
5714.00           1.051247
5716.00           1.049368
5718.00           1.048002
5720.00           1.057052
5722.00           1.073275
5724.00           1.091375
5726.00           1.093766
5728.00           1.069689
5730.00           1.028023
5732.00           0.994725
5734.00           0.990968
5736.00           1.014362
5738.00           1.044758
5740.00           1.060126
5742.00           1.061151
5744.00           1.065761
5746.00           1.078739
5748.00           1.084545
5750.00           1.072933
5752.00           1.057565
5754.00           1.034512
5756.00           1.025120
5758.00           1.035366
5760.00           1.051759
5762.00           1.061321
5764.00           1.068835
5766.00           1.104353
5768.00           1.122795
5770.00           1.105207
5772.00           1.067639
5774.00           1.052613
5776.00           1.039806
5778.00           1.026999
5780.00           1.024949
5782.00           1.035537
5784.00           1.041342
5786.00           1.040830
5788.00           1.064907
5790.00           1.099059
5792.00           1.110500
5794.00           1.092912
5796.00           1.085911
5798.00           1.107085
5800.00           1.134407
5802.00           1.134236
5804.00           1.118014
5806.00           1.122795
5808.00           1.145335
5810.00           1.152337
5812.00           1.153190
5814.00           1.155752
5816.00           1.172486
5818.00           1.176072
5820.00           1.168559
5822.00           1.166681
5824.00           1.167876
5826.00           1.161899
5828.00           1.157459
5830.00           1.158655
5832.00           1.168900
5834.00           1.169754
5836.00           1.162412
5838.00           1.157972
5840.00           1.152337
5842.00           1.145848
5844.00           1.137993
5846.00           1.131504
5848.00           1.116306
5850.00           1.093254
5852.00           1.073445
5854.00           1.065932
5856.00           1.069689
5858.00           1.067639
5860.00           1.057735
5862.00           1.062346
5864.00           1.100255
5866.00           1.142091
5868.00           1.142433
5870.00           1.104865
5872.00           1.067127
5874.00           1.056711
5876.00           1.056711
5878.00           1.044416
5880.00           1.026145
5882.00           1.011801
5884.00           1.007361
5886.00           1.027852
5888.00           1.086252
5890.00           1.167022
5892.00           1.199808
5894.00           1.215006
5896.00           1.222519
5898.00           1.216884
5900.00           1.180683
5902.00           1.133724
5904.00           1.121429
5906.00           1.112208
5908.00           1.109647
5910.00           1.132187
5912.00           1.172999
5914.00           1.186318
5916.00           1.165144
5918.00           1.131162
5920.00           1.120404
5922.00           1.126552
5924.00           1.128942
5926.00           1.120404
5928.00           1.110159
5930.00           1.127406
5932.00           1.151654
5934.00           1.144140
5936.00           1.095644
5938.00           1.053125
5940.00           1.063883
5942.00           1.110330
5944.00           1.135602
5946.00           1.156264
5948.00           1.187513
5950.00           1.226105
5952.00           1.247792
5954.00           1.233960
5956.00           1.203906
5958.00           1.143286
5960.00           1.073445
5962.00           1.012655
5964.00           0.963988
5966.00           0.944521
5968.00           0.929494
5970.00           0.918907
5972.00           0.920615
5974.00           0.945034
5976.00           0.996262
5978.00           1.035537
5980.00           1.053125
5982.00           1.054149
5984.00           1.052954
5986.00           1.073616
5988.00           1.089326
5990.00           1.089155
5992.00           1.077714
5994.00           1.072421
5996.00           1.077031
5998.00           1.084374
6000.00           1.088814
6002.00           1.080788
6004.00           1.070372
6006.00           1.068152
6008.00           1.073787
6010.00           1.076861
6012.00           1.070201
6014.00           1.061663
6016.00           1.063712
6018.00           1.078056
6020.00           1.094961
6022.00           1.102816
6024.00           1.107427
6026.00           1.111354
6028.00           1.113062
6030.00           1.109305
6032.00           1.106402
6034.00           1.103158
6036.00           1.099913
6038.00           1.099401
6040.00           1.100084
6042.00           1.097010
6044.00           1.086082
6046.00           1.080105
6048.00           1.077885
6050.00           1.084545
6052.00           1.101279
6054.00           1.112720
6056.00           1.107939
6058.00           1.092571
6060.00           1.099742
6062.00           1.103499
6064.00           1.104011
6066.00           1.108451
6068.00           1.123990
6070.00           1.132870
6072.00           1.125357
6074.00           1.127406
6076.00           1.118868
6078.00           1.094790
6080.00           1.065932
6082.00           1.060297
6084.00           1.064907
6086.00           1.066615
6088.00           1.064054
6090.00           1.060809
6092.00           1.052783
6094.00           1.046124
6096.00           1.057735
6098.00           1.086935
6100.00           1.098547
6102.00           1.086082
6104.00           1.091034
6106.00           1.123820
6108.00           1.176755
6110.00           1.207322
6112.00           1.205102
6114.00           1.189733
6116.00           1.170437
6118.00           1.161558
6120.00           1.152507
6122.00           1.143628
6124.00           1.136114
6126.00           1.111013
6128.00           1.089668
6130.00           1.082837
6132.00           1.089155
6134.00           1.084203
6136.00           1.079764
6138.00           1.092741
6140.00           1.116648
6142.00           1.133211
6144.00           1.141408
6146.00           1.155240
6148.00           1.179488
6150.00           1.186659
6152.00           1.176243
6154.00           1.165314
6156.00           1.172657
6158.00           1.184269
6160.00           1.176755
6162.00           1.154044
6164.00           1.131333
6166.00           1.125698
6168.00           1.134578
6170.00           1.134236
6172.00           1.113403
6174.00           1.091887
6176.00           1.092229
6178.00           1.100767
6180.00           1.109988
6182.00           1.114940
6184.00           1.125869
6186.00           1.138676
6188.00           1.154727
6190.00           1.171462
6192.00           1.172145
6194.00           1.162753
6196.00           1.145848
6198.00           1.128601
6200.00           1.109988
6202.00           1.081813
6204.00           1.054832
6206.00           1.039122
6208.00           1.050222
6210.00           1.062346
6212.00           1.054832
6214.00           1.049710
6216.00           1.066956
6218.00           1.100425
6220.00           1.110330
6222.00           1.083008
6224.00           1.055345
6226.00           1.062004
6228.00           1.107427
6230.00           1.133211
6232.00           1.139017
6234.00           1.136968
6236.00           1.127235
6238.00           1.118185
6240.00           1.092741
6242.00           1.056028
6244.00           0.999848
6246.00           0.936325
6248.00           0.907296
6250.00           0.923006
6252.00           0.981406
6254.00           1.053979
6256.00           1.092741
6258.00           1.087618
6260.00           1.074299
6262.00           1.072592
6264.00           1.085569
6266.00           1.088302
6268.00           1.085740
6270.00           1.076861
6272.00           1.043904
6274.00           0.999335
6276.00           0.966891
6278.00           0.972355
6280.00           1.006849
6282.00           1.050563
6284.00           1.067810
6286.00           1.064737
6288.00           1.050563
6290.00           1.050563
6292.00           1.050734
6294.00           1.050905
6296.00           1.050905
6298.00           1.051247
6300.00           1.051247
6302.00           1.051417
6304.00           1.051588
6306.00           1.059443
6308.00           1.030243
6310.00           1.002068
6312.00           0.973550
6314.00           0.991822
6316.00           1.018461
6318.00           1.032463
6320.00           1.027511
6322.00           1.016582
6324.00           1.031097
6326.00           1.064224
6328.00           1.081642
6330.00           1.057223
6332.00           1.015216
6334.00           0.982942
6336.00           0.966379
6338.00           0.953059
6340.00           0.957670
6342.00           0.972697
6344.00           0.989260
6346.00           0.996091
6348.00           1.004458
6350.00           1.023242
6352.00           1.045270
6354.00           1.075324
6356.00           1.129113
6358.00           1.208517
6360.00           1.288262
6362.00           1.311656
6364.00           1.285530
6366.00           1.251719
6368.00           1.254110
6370.00           1.279382
6372.00           1.317120
6374.00           1.378082
6376.00           1.470122
6378.00           1.600070
6380.00           1.726945
6382.00           1.794908
6384.00           1.773051
6386.00           1.684768
6388.00           1.584360
6390.00           1.487539
6392.00           1.386961
6394.00           1.300044
6396.00           1.239254
6398.00           1.190587
6400.00           1.150458
6402.00           1.115623
6404.00           1.100767
6406.00           1.075153
6408.00           1.051247
6410.00           1.050393
6412.00           1.069006
6414.00           1.086423
6416.00           1.098889
6418.00           1.121088
6420.00           1.136627
6422.00           1.137139
6424.00           1.133211
6426.00           1.145848
6428.00           1.167022
6430.00           1.178805
6432.00           1.174023
6434.00           1.166168
6436.00           1.162241
6438.00           1.167193
6440.00           1.182561
6442.00           1.213469
6444.00           1.246084
6446.00           1.262648
6448.00           1.255134
6450.00           1.234643
6452.00           1.212103
6454.00           1.186830
6456.00           1.154557
6458.00           1.136968
6460.00           1.150629
6462.00           1.191270
6464.00           1.217909
6466.00           1.214323
6468.00           1.191953
6470.00           1.171120
6472.00           1.146531
6474.00           1.128089
6476.00           1.114769
6478.00           1.099230
6480.00           1.078056
6482.00           1.047319
6484.00           1.023071
6486.00           1.009923
6488.00           1.004287
6490.00           1.020510
6492.00           1.062517
6494.00           1.116306
6496.00           1.155240
6498.00           1.161558
6500.00           1.161045
6502.00           1.156606
6504.00           1.145335
6506.00           1.122112
6508.00           1.095132
6510.00           1.075153
6512.00           1.063712
6514.00           1.062004
6516.00           1.069347
6518.00           1.081983
6520.00           1.085569
6522.00           1.061321
6524.00           1.045611
6526.00           1.069347
6528.00           1.130821
6530.00           1.170437
6532.00           1.152507
6534.00           1.101279
6536.00           1.069859
6538.00           1.087106
6540.00           1.108451
6542.00           1.092912
6544.00           1.068493
6546.00           1.107256
6548.00           1.197930
6550.00           1.259745
6552.00           1.243864
6554.00           1.179658
6556.00           1.130992
6558.00           1.124332
6560.00           1.149434
6562.00           1.163436
6564.00           1.144140
6566.00           1.114769
6568.00           1.110842
6570.00           1.142774
6572.00           1.182049
6574.00           1.197417
6576.00           1.175560
6578.00           1.128942
6580.00           1.089838
6582.00           1.080276
6584.00           1.091204
6586.00           1.107256
6588.00           1.123307
6590.00           1.141750
6592.00           1.159679
6594.00           1.167364
6596.00           1.170608
6598.00           1.185293
6600.00           1.221153
6602.00           1.266917
6604.00           1.279382
6606.00           1.274430
6608.00           1.282285
6610.00           1.324805
6612.00           1.379107
6614.00           1.430676
6616.00           1.498297
6618.00           1.586239
6620.00           1.680328
6622.00           1.794396
6624.00           1.966181
6626.00           2.222663
6628.00           2.526446
6630.00           2.809054
6632.00           3.028823
6634.00           3.177043
6636.00           3.266521
6638.00           3.344729
6640.00           3.500121
6642.00           3.788365
6644.00           4.170356
6646.00           4.515804
6648.00           4.703982
6650.00           4.671367
6652.00           4.444768
6654.00           4.114517
6656.00           3.788023
6658.00           3.584648
6660.00           3.592161
6662.00           3.847960
6664.00           4.258981
6666.00           4.667269
6668.00           4.914188
6670.00           4.886696
6672.00           4.563447
6674.00           4.009329
6676.00           3.368977
6678.00           2.776439
6680.00           2.297627
6682.00           1.941933
6684.00           1.686646
6686.00           1.522204
6688.00           1.420089
6690.00           1.338807
6692.00           1.278699
6694.00           1.248816
6696.00           1.253427
6698.00           1.254793
6700.00           1.237205
6702.00           1.211932
6704.00           1.191782
6706.00           1.177609
6708.00           1.177097
6710.00           1.182732
6712.00           1.186830
6714.00           1.180512
6716.00           1.162241
6718.00           1.149092
6720.00           1.147214
6722.00           1.157630
6724.00           1.167193
6726.00           1.158313
6728.00           1.138505
6730.00           1.127918
6732.00           1.133041
6734.00           1.141920
6736.00           1.142603
6738.00           1.145848
6740.00           1.156264
6742.00           1.158313
6744.00           1.152507
6746.00           1.149263
6748.00           1.161216
6750.00           1.168217
6752.00           1.165827
6754.00           1.162241
6756.00           1.163778
6758.00           1.159338
6760.00           1.155069
6762.00           1.162412
6764.00           1.184952
6766.00           1.199637
6768.00           1.199125
6770.00           1.194856
6772.00           1.195881
6774.00           1.208005
6776.00           1.221153
6778.00           1.229520
6780.00           1.232252
6782.00           1.242498
6784.00           1.269649
6786.00           1.300215
6788.00           1.338807
6790.00           1.386961
6792.00           1.453216
6794.00           1.545256
6796.00           1.693647
6798.00           1.902999
6800.00           2.130623
6802.00           2.315044
6804.00           2.405206
6806.00           2.394960
6808.00           2.318801
6810.00           2.245545
6812.00           2.207636
6814.00           2.194658
6816.00           2.181339
6818.00           2.171947
6820.00           2.142576
6822.00           2.059928
6824.00           1.950812
6826.00           1.840160
6828.00           1.731044
6830.00           1.571212
6832.00           1.411551
6834.00           1.300898
6836.00           1.253598
6838.00           1.231399
6840.00           1.217567
6842.00           1.202540
6844.00           1.169925
6846.00           1.131675
6848.00           1.082837
6850.00           1.035024
6852.00           1.007020
6854.00           1.026145
6856.00           1.092400
6858.00           1.173852
6860.00           1.248816
6862.00           1.233277
6864.00           1.101621
6866.00           0.912247
6868.00           0.800229
6870.00           0.799716
6872.00           0.861019
6874.00           0.933763
6876.00           0.985845
6878.00           1.012484
6880.00           1.016241
6882.00           1.021534
6884.00           1.032292
6886.00           1.040830
6888.00           1.041172
6890.00           1.026315
6892.00           1.014533
6894.00           1.025974
6896.00           1.065249
6898.00           1.082154
6900.00           1.065932
6902.00           1.041855
6904.00           1.043733
6906.00           1.078568
6908.00           1.108622
6910.00           1.110842
6912.00           1.095644
6914.00           1.086935
6916.00           1.116819
6918.00           1.174877
6920.00           1.243864
6922.00           1.269137
6924.00           1.206809
6926.00           1.094449
6928.00           1.020851
6930.00           1.036732
6932.00           1.099059
6934.00           1.128259
6936.00           1.112720
6938.00           1.087618
6940.00           1.095303
6942.00           1.127235
6944.00           1.183244
6946.00           1.254451
6948.00           1.289457
6950.00           1.251207
6952.00           1.156435
6954.00           1.083520
6956.00           1.067639
6958.00           1.085740
6960.00           1.103841
6962.00           1.112720
6964.00           1.126723
6966.00           1.134065
6968.00           1.126893
6970.00           1.143116
6972.00           1.186830
6974.00           1.250695
6976.00           1.293555
6978.00           1.297825
6980.00           1.257184
6982.00           1.187343
6984.00           1.148921
6986.00           1.145506
6988.00           1.154386
6990.00           1.152507
6992.00           1.155581
6994.00           1.161558
6996.00           1.164802
6998.00           1.161899
7000.00           1.154215
7002.00           1.155923
7004.00           1.175048
7006.00           1.213640
7008.00           1.240449
7010.00           1.240108
7012.00           1.218250
7014.00           1.189050
7016.00           1.163607
7018.00           1.143969
7020.00           1.133211
7022.00           1.127747
7024.00           1.132016
7026.00           1.143628
7028.00           1.145165
7030.00           1.133211
7032.00           1.123478
7034.00           1.131162
7036.00           1.139700
7038.00           1.151312
7040.00           1.161045
7042.00           1.171291
7044.00           1.189733
7046.00           1.219104
7048.00           1.250353
7050.00           1.243352
7052.00           1.205955
7054.00           1.162924
7056.00           1.141920
7058.00           1.150288
7060.00           1.170950
7062.00           1.187343
7064.00           1.187855
7066.00           1.183074
7068.00           1.175560
7070.00           1.164119
7072.00           1.157801
7074.00           1.162582
7076.00           1.180854
7078.00           1.204589
7080.00           1.226105
7082.00           1.248646
7084.00           1.269307
7086.00           1.282968
7088.00           1.277163
7090.00           1.255476
7092.00           1.237205
7094.00           1.235497
7096.00           1.250695
7098.00           1.262136
7100.00           1.261623