3650.00           0.406706
3652.00           0.407316
3654.00           0.402104
3656.00           0.364803
3658.00           0.346309
3660.00           0.299717
3662.00           0.344112
3664.00           0.342614
3666.00           0.334107
3668.00           0.305503
3670.00           0.333706
3672.00           0.410907
3674.00           0.433201
3676.00           0.482704
3678.00           0.443206
3680.00           0.459504
3682.00           0.464506
3684.00           0.498810
3686.00           0.491611
3688.00           0.469108
3690.00           0.493702
3692.00           0.483506
3694.00           0.485301
3696.00           0.502714
3698.00           0.517408
3700.00           0.548017
3702.00           0.524311
3704.00           0.494905
3706.00           0.438709
3708.00           0.406602
3710.00           0.375401
3712.00           0.385702
3714.00           0.398601
3716.00           0.425810
3718.00           0.446413
3720.00           0.476307
3722.00           0.520110
3724.00           0.534316
3726.00           0.507804
3728.00           0.454013
3730.00           0.442003
3732.00           0.455808
3734.00           0.493110
3736.00           0.473710
3738.00           0.440609
3740.00           0.476603
3742.00           0.496317
3744.00           0.506915
3746.00           0.442700
3748.00           0.426612
3750.00           0.505207
3752.00           0.632817
3754.00           0.709302
3756.00           0.650910
3758.00           0.524102
3760.00           0.397102
3762.00           0.367714
3764.00           0.407909
3766.00           0.449202
3768.00           0.425217
3770.00           0.366215
3772.00           0.317705
3774.00           0.356610
3776.00           0.396805
3778.00           0.473012
3780.00           0.481205
3782.00           0.478311
3784.00           0.459608
3786.00           0.438116
3788.00           0.439301
3790.00           0.480211
3792.00           0.503011
3794.00           0.502401
3796.00           0.461404
3798.00           0.476202
3800.00           0.468602
3802.00           0.497607
3804.00           0.533113
3806.00           0.532207
3808.00           0.538011
3810.00           0.483610
3812.00           0.535902
3814.00           0.529714
3816.00           0.519605
3818.00           0.456105
3820.00           0.388003
3822.00           0.354710
3824.00           0.343102
3826.00           0.392204
3828.00           0.470101
3830.00           0.534508
3832.00           0.560009
3834.00           0.572001
3836.00           0.538203
3838.00           0.532817
3840.00           0.493302
3842.00           0.473012
3844.00           0.464210
3846.00           0.436617
3848.00           0.409512
3850.00           0.407508
3852.00           0.423910
3854.00           0.447511
3856.00           0.394313
3858.00           0.362502
3860.00           0.348610
3862.00           0.385911
3864.00           0.404301
3866.00           0.433811
3868.00           0.427815
3870.00           0.441410
3872.00           0.459713
3874.00           0.483209
3876.00           0.489205
3878.00           0.499402
3880.00           0.491715
3882.00           0.504405
3884.00           0.483506
3886.00           0.486905
3888.00           0.495306
3890.00           0.537000
3892.00           0.516903
3894.00           0.511813
3896.00           0.472716
3898.00           0.483610
3900.00           0.437715
3902.00           0.436704
3904.00           0.467609
3906.00           0.502209
3908.00           0.539214
3910.00           0.528703
3912.00           0.489606
3914.00           0.453804
3916.00           0.451311
3918.00           0.497816
3920.00           0.523404
3922.00           0.542909
3924.00           0.537105
3926.00           0.517216
3928.00           0.492116
3930.00           0.479915
3932.00           0.457307
3934.00           0.471705
3936.00           0.527814
3938.00           0.568114
3940.00           0.586312
3942.00           0.590704
3944.00           0.589205
3946.00           0.535815
3948.00           0.531510
3950.00           0.514306
3952.00           0.495707
3954.00           0.455006
3956.00           0.420511
3958.00           0.393616
3960.00           0.343712
3962.00           0.315317
3964.00           0.345716
3966.00           0.368306
3968.00           0.438901
3970.00           0.467208
3972.00           0.486905
3974.00           0.512911
3976.00           0.553315
3978.00           0.573413
3980.00           0.601215
3982.00           0.591402
3984.00           0.606200
3986.00           0.576917
3988.00           0.520302
3990.00           0.448313
3992.00           0.370607
3994.00           0.344409
3996.00           0.325810
3998.00           0.321714
4000.00           0.336303
4002.00           0.372908
4004.00           0.410000
4006.00           0.476115
4008.00           0.589101
4010.00           0.661612
4012.00           0.693005
4014.00           0.688804
4016.00           0.704509
4018.00           0.722916
4020.00           0.712214
4022.00           0.719813
4024.00           0.732206
4026.00           0.719011
4028.00           0.711115
4030.00           0.695201
4032.00           0.713817
4034.00           0.719116
4036.00           0.710505
4038.00           0.702417
4040.00           0.684202
4042.00           0.658510
4044.00           0.678816
4046.00           0.758108
4048.00           0.845610
4050.00           0.888385
4052.00           0.855511
4054.00           0.824711
4056.00           0.771914
4058.00           0.717704
4060.00           0.705816
4062.00           0.691715
4064.00           0.742107
4066.00           0.762100
4068.00           0.799315
4070.00           0.816414
4072.00           0.803812
4074.00           0.776916
4076.00           0.740713
4078.00           0.789501
4080.00           0.841706
4082.00           0.879583
4084.00           0.828912
4086.00           0.793301
4088.00           0.735205
4090.00           0.712701
4092.00           0.688316
4094.00           0.695707
4096.00           0.715909
4098.00           0.719203
4100.00           0.711202
4102.00           0.722201
4104.00           0.744704
4106.00           0.761908
4108.00           0.742212
4110.00           0.709512
4112.00           0.717408
4114.00           0.718907
4116.00           0.726001
4118.00           0.736512
4120.00           0.736006
4122.00           0.751310
4124.00           0.729313
4126.00           0.711307
4128.00           0.669909
4130.00           0.627500
4132.00           0.638604
4134.00           0.659503
4136.00           0.705206
4138.00           0.710017
4140.00           0.700117
4142.00           0.699106
4144.00           0.711011
4146.00           0.742107
4148.00           0.761316
4150.00           0.748417
4152.00           0.749114
4154.00           0.732416
4156.00           0.741113
4158.00           0.757812
4160.00           0.744408
4162.00           0.741410
4164.00           0.745105
4166.00           0.806810
4168.00           0.844111
4170.00           0.850909
4172.00           0.824606
4174.00           0.808901
4176.00           0.802103
4178.00           0.781605
4180.00           0.740015
4182.00           0.685510
4184.00           0.713712
4186.00           0.763913
4188.00           0.824816
4190.00           0.845802
4192.00           0.862501
4194.00           0.864906
4196.00           0.869613
4198.00           0.866510
4200.00           0.832607
4202.00           0.764505
4204.00           0.705904
4206.00           0.690303
4208.00           0.711603
4210.00           0.743310
4212.00           0.764104
4214.00           0.771216
4216.00           0.761107
4218.00           0.714602
4220.00           0.696700
4222.00           0.710801
4224.00           0.760200
4226.00           0.761717
4228.00           0.724903
4230.00           0.720214
4232.00           0.741305
4234.00           0.780001
4236.00           0.805502
4238.00           0.815508
4240.00           0.811917
4242.00           0.794103
4244.00           0.797101
4246.00           0.805502
4248.00           0.817617
4250.00           0.803411
4252.00           0.774807
4254.00           0.731213
4256.00           0.694103
4258.00           0.698304
4260.00           0.747615
4262.00           0.760113
4264.00           0.772907
4266.00           0.781710
4268.00           0.800814
4270.00           0.786416
4272.00           0.770101
4274.00           0.781605
4276.00           0.777910
4278.00           0.786817
4280.00           0.768305
4282.00           0.780716
4284.00           0.780001
4286.00           0.806008
4288.00           0.795706
4290.00           0.778903
4292.00           0.787706
4294.00           0.827116
4296.00           0.840015
4298.00           0.800901
4300.00           0.749010
4302.00           0.730516
4304.00           0.727500
4306.00           0.749602
4308.00           0.757516
4310.00           0.755912
4312.00           0.742107
4314.00           0.726803
4316.00           0.752810
4318.00           0.784603
4320.00           0.786207
4322.00           0.731300
4324.00           0.691715
4326.00           0.680908
4328.00           0.697607
4330.00           0.699106
4332.00           0.645907
4334.00           0.625217
4336.00           0.577108
4338.00           0.583505
4340.00           0.576516
4342.00           0.625008
4344.00           0.689501
4346.00           0.775208
4348.00           0.843815
4350.00           0.865708
4352.00           0.819412
4354.00           0.684011
4356.00           0.598304
4358.00           0.610506
4360.00           0.775016
4362.00           0.896891
4364.00           0.891993
4366.00           0.823404
4368.00           0.764802
4370.00           0.754605
4372.00           0.757812
4374.00           0.777701
4376.00           0.817512
4378.00           0.815508
4380.00           0.792307
4382.00           0.789501
4384.00           0.790408
4386.00           0.812614
4388.00           0.803707
4390.00           0.816501
4392.00           0.853506
4394.00           0.884097
4396.00           0.896299
4398.00           0.865708
4400.00           0.861716
4402.00           0.862414
4404.00           0.845000
4406.00           0.828406
4408.00           0.828912
4410.00           0.867608
4412.00           0.845907
4414.00           0.794608
4416.00           0.745000
4418.00           0.736111
4420.00           0.756714
4422.00           0.768915
4424.00           0.803411
4426.00           0.840817
4428.00           0.885683
4430.00           0.886991
4432.00           0.867608
4434.00           0.840015
4436.00           0.809111
4438.00           0.770101
4440.00           0.770205
4442.00           0.829103
4444.00           0.880785
4446.00           0.890198
4448.00           0.876794
4450.00           0.877299
4452.00           0.881186
4454.00           0.887200
4456.00           0.890599
4458.00           0.895689
4460.00           0.905589
4462.00           0.896996
4464.00           0.877683
4466.00           0.848905
4468.00           0.858108
4470.00           0.872192
4472.00           0.887583
4474.00           0.909895
4476.00           0.922392
4478.00           0.929992
4480.00           0.944599
4482.00           0.955790
4484.00           0.957986
4486.00           0.917094
4488.00           0.871390
4490.00           0.826506
4492.00           0.816815
4494.00           0.847301
4496.00           0.884795
4498.00           0.921486
4500.00           0.908988
4502.00           0.908884
4504.00           0.913991
4506.00           0.943885
4508.00           0.982685
4510.00           0.992987
4512.00           0.999297
4514.00           0.989692
4516.00           1.015891
4518.00           1.012893
4520.00           1.011690
4522.00           0.966998
4524.00           0.982093
4526.00           0.971983
4528.00           0.964191
4530.00           0.955092
4532.00           0.971599
4534.00           1.007890
4536.00           1.033897
4538.00           1.035587
4540.00           1.038097
4542.00           1.007489
4544.00           1.023386
4546.00           1.020388
4548.00           1.017686
4550.00           1.006199
4552.00           0.987391
4554.00           0.990791
4556.00           0.956592
4558.00           0.922793
4560.00           0.879687
4562.00           0.847406
4564.00           0.850613
4566.00           0.880193
4568.00           0.924589
4570.00           0.957794
4572.00           0.984184
4574.00           1.007384
4576.00           0.989291
4578.00           0.975190
4580.00           0.939196
4582.00           0.917686
4584.00           0.924885
4586.00           0.935099
4588.00           0.967695
4590.00           0.978589
4592.00           1.008883
4594.00           1.017791
4596.00           0.996699
4598.00           0.993788
4600.00           1.000587
4602.00           1.020091
4604.00           1.017285
4606.00           1.015193
4608.00           1.019098
4610.00           1.005694
4612.00           0.980594
4614.00           0.946586
4616.00           0.933095
4618.00           0.962989
4620.00           0.978798
4622.00           0.978885
4624.00           0.970797
4626.00           0.987897
4628.00           0.988193
4630.00           0.985300
4632.00           1.002783
4634.00           1.029487
4636.00           1.041793
4638.00           1.034489
4640.00           1.031892
4642.00           1.042786
4644.00           1.061786
4646.00           1.072889
4648.00           1.060391
4650.00           1.012300
4652.00           0.984393
4654.00           0.987200
4656.00           1.014583
4658.00           1.037191
4660.00           1.038986
4662.00           1.042298
4664.00           1.028388
4666.00           1.010696
4668.00           0.994887
4670.00           1.010487
4672.00           1.024885
4674.00           1.019987
4676.00           0.988490
4678.00           0.946185
4680.00           0.914095
4682.00           0.904892
4684.00           0.925199
4686.00           0.952600
4688.00           0.988995
4690.00           1.005990
4692.00           1.026785
4694.00           1.027796
4696.00           1.023386
4698.00           1.005485
4700.00           0.971198
4702.00           0.949288
4704.00           0.938586
4706.00           0.946586
4708.00           0.959990
4710.00           0.967294
4712.00           0.982894
4714.00           0.993492
4716.00           1.007384
4718.00           0.994294
4720.00           0.995688
4722.00           0.998896
4724.00           1.004299
4726.00           0.978484
4728.00           0.964383
4730.00           0.958195
4732.00           0.955284
4734.00           0.930097
4736.00           0.905589
4738.00           0.904491
4740.00           0.908587
4742.00           0.927796
4744.00           0.953593
4746.00           0.965795
4748.00           0.967399
4750.00           0.971390
4752.00           1.022288
4754.00           1.063494
4756.00           1.058090
4758.00           0.986189
4760.00           0.950491
4762.00           0.935588
4764.00           0.937383
4766.00           0.935291
4768.00           0.957097
4770.00           0.984794
4772.00           0.991383
4774.00           0.973290
4776.00           0.965098
4778.00           0.995793
4780.00           1.010696
4782.00           1.004683
4784.00           0.967294
4786.00           0.960095
4788.00           0.986084
4790.00           0.995288
4792.00           0.991993
4794.00           0.974493
4796.00           0.978293
4798.00           0.985195
4800.00           0.975992
4802.00           0.945488
4804.00           0.937488
4806.00           0.964191
4808.00           1.001284
4810.00           1.006199
4812.00           1.006495
4814.00           0.997588
4816.00           0.996996
4818.00           0.988193
4820.00           0.969089
4822.00           0.953890
4824.00           0.937592
4826.00           0.946796
4828.00           0.969595
4830.00           0.976985
4832.00           0.979094
4834.00           0.975085
4836.00           0.990285
4838.00           0.993788
4840.00           0.982790
4842.00           0.973186
4844.00           0.996490
4846.00           1.000098
4848.00           1.000098
4850.00           1.005188
4852.00           1.036999
4854.00           1.033897
4856.00           0.985892
4858.00           0.929295
4860.00           0.928389
4862.00           0.960391
4864.00           0.997693
4866.00           0.998390
4868.00           0.987984
4870.00           0.993998
4872.00           0.992185
4874.00           0.993998
4876.00           0.973691
4878.00           0.989100
4880.00           0.972384
4882.00           0.974284
4884.00           0.939597
4886.00           0.928197
4888.00           0.905990
4890.00           0.905485
4892.00           0.924589
4894.00           0.944599
4896.00           0.972785
4898.00           0.977194
4900.00           0.940189
4902.00           0.884986
4904.00           0.856417
4906.00           0.879496
4908.00           0.900099
4910.00           0.913886
4912.00           0.925094
4914.00           0.932485
4916.00           0.957986
4918.00           0.954796
4920.00           0.958195
4922.00           0.915786
4924.00           0.907489
4926.00           0.924885
4928.00           0.962291
4930.00           1.000987
4932.00           1.000186
4934.00           1.009598
4936.00           1.005694
4938.00           1.000883
4940.00           0.988995
4942.00           0.989291
4944.00           1.007594
4946.00           0.993283
4948.00           0.953088
4950.00           0.942298
4952.00           0.967590
4954.00           0.976497
4956.00           0.950892
4958.00           0.923787
4960.00           0.932398
4962.00           0.966387
4964.00           0.990198
4966.00           0.996699
4968.00           0.993196
4970.00           0.998983
4972.00           0.996089
4974.00           0.981796
4976.00           0.972889
4978.00           0.976689
4980.00           0.994085
4982.00           1.014287
4984.00           1.033984
4986.00           1.033583
4988.00           1.002887
4990.00           0.991889
4992.00           0.995497
4994.00           1.021695
4996.00           1.020283
4998.00           1.016989
5000.00           1.023299
5002.00           1.022392
5004.00           1.010295
5006.00           0.973987
5008.00           0.991592
5010.00           1.011289
5012.00           1.017285
5014.00           0.986886
5016.00           0.936389
5018.00           0.914897
5020.00           0.907385
5022.00           0.928197
5024.00           0.933095
5026.00           0.933897
5028.00           0.927500
5030.00           0.929191
5032.00           0.918889
5034.00           0.902190
5036.00           0.904892
5038.00           0.935588
5040.00           0.962989
5042.00           0.981692
5044.00           0.981692
5046.00           0.976794
5048.00           0.955493
5050.00           0.915194
5052.00           0.888193
5054.00           0.890599
5056.00           0.895985
5058.00           0.919586
5060.00           0.909093
5062.00           0.906792
5064.00           0.922793
5066.00           0.952600
5068.00           0.964296
5070.00           0.934699
5072.00           0.891593
5074.00           0.869403
5076.00           0.869316
5078.00           0.871600
5080.00           0.879199
5082.00           0.897188
5084.00           0.915385
5086.00           0.935483
5088.00           0.944495
5090.00           0.977299
5092.00           1.000290
5094.00           0.998983
5096.00           0.974388
5098.00           0.961298
5100.00           0.964697
5102.00           0.965795
5104.00           0.962100
5106.00           0.944094
5108.00           0.932485
5110.00           0.908884
5112.00           0.893196
5114.00           0.886084
5116.00           0.860113
5118.00           0.858805
5120.00           0.864714
5122.00           0.890198
5124.00           0.890686
5126.00           0.882598
5128.00           0.894695
5130.00           0.912788
5132.00           0.920789
5134.00           0.922497
5136.00           0.937592
5138.00           0.953593
5140.00           0.951188
5142.00           0.926192
5144.00           0.914392
5146.00           0.929992
5148.00           0.947283
5150.00           0.933287
5152.00           0.908483
5154.00           0.907088
5156.00           0.936895
5158.00           0.956992
5160.00           0.963686
5162.00           0.959398
5164.00           0.950194
5166.00           0.925199
5168.00           0.891192
5170.00           0.864505
5172.00           0.847702
5174.00           0.835013
5176.00           0.828703
5178.00           0.835710
5180.00           0.858213
5182.00           0.861315
5184.00           0.835710
5186.00           0.804613
5188.00           0.808204
5190.00           0.821207
5192.00           0.819900
5194.00           0.817407
5196.00           0.856505
5198.00           0.909494
5200.00           0.946290
5202.00           0.968584
5204.00           0.934890
5206.00           0.855807
5208.00           0.761717
5210.00           0.739911
5212.00           0.768305
5214.00           0.774807
5216.00           0.747110
5218.00           0.747005
5220.00           0.777509
5222.00           0.816606
5224.00           0.829905
5226.00           0.824101
5228.00           0.835414
5230.00           0.862710
5232.00           0.889797
5234.00           0.906792
5236.00           0.902696
5238.00           0.898600
5240.00           0.900290
5242.00           0.893388
5244.00           0.883383
5246.00           0.876794
5248.00           0.885683
5250.00           0.914793
5252.00           0.940695
5254.00           0.952983
5256.00           0.969996
5258.00           0.985892
5260.00           0.985596
5262.00           0.955685
5264.00           0.926489
5266.00           0.926088
5268.00           0.928790
5270.00           0.935588
5272.00           0.931300
5274.00           0.925094
5276.00           0.930899
5278.00           0.960897
5280.00           0.994399
5282.00           0.970484
5284.00           0.906792
5286.00           0.844809
5288.00           0.827204
5290.00           0.859607
5292.00           0.927186
5294.00           0.971599
5296.00           0.953890
5298.00           0.915786
5300.00           0.895689
5302.00           0.881291
5304.00           0.821905
5306.00           0.773813
5308.00           0.787200
5310.00           0.857603
5312.00           0.905293
5314.00           0.920789
5316.00           0.928284
5318.00           0.951083
5320.00           0.974092
5322.00           0.999593
5324.00           1.027099
5326.00           1.048887
5328.00           1.054395
5330.00           1.044686
5332.00           1.026785
5334.00           0.994399
5336.00           0.952199
5338.00           0.939196
5340.00           0.976184
5342.00           1.023595
5344.00           1.043588
5346.00           1.036790
5348.00           1.046098
5350.00           1.048991
5352.00           1.042298
5354.00           1.026297
5356.00           1.014897
5358.00           1.004787
5360.00           0.987688
5362.00           0.968497
5364.00           0.935884
5366.00           0.905485
5368.00           0.905886
5370.00           0.944983
5372.00           0.982598
5374.00           0.997798
5376.00           0.996490
5378.00           1.006286
5380.00           1.007193
5382.00           0.991296
5384.00           0.971198
5386.00           0.971198
5388.00           0.990494
5390.00           1.012195
5392.00           1.030097
5394.00           1.045784
5396.00           1.057184
5398.00           1.058788
5400.00           1.043588
5402.00           1.021695
5404.00           0.996595
5406.00           0.975783
5408.00           0.974388
5410.00           0.984097
5412.00           0.997484
5414.00           1.003986
5416.00           1.018592
5418.00           1.035186
5420.00           1.044791
5422.00           1.053088
5424.00           1.043100
5426.00           1.028493
5428.00           1.011986
5430.00           0.991488
5432.00           0.997083
5434.00           1.005485
5436.00           0.996996
5438.00           0.951990
5440.00           0.903794
5442.00           0.902591
5444.00           0.910383
5446.00           0.909197
5448.00           0.898390
5450.00           0.893196
5452.00           0.896490
5454.00           0.887688
5456.00           0.868915
5458.00           0.872489
5460.00           0.961786
5462.00           1.082790
5464.00           1.152896
5466.00           1.130096
5468.00           1.031892
5470.00           0.946290
5472.00           0.911498
5474.00           0.921695
5476.00           0.945889
5478.00           0.966196
5480.00           1.018784
5482.00           1.056888
5484.00           1.060496
5486.00           1.037592
5488.00           1.020998
5490.00           1.027290
5492.00           1.029992
5494.00           1.006391
5496.00           0.951990
5498.00           0.906095
5500.00           0.912492
5502.00           0.960792
5504.00           1.002295
5506.00           1.024589
5508.00           1.027691
5510.00           1.023386
5512.00           1.004195
5514.00           0.976393
5516.00           0.970397
5518.00           0.994590
5520.00           1.025199
5522.00           1.039893
5524.00           1.034297
5526.00           1.030184
5528.00           1.021887
5530.00           1.005084
5532.00           0.992586
5534.00           0.991383
5536.00           0.989692
5538.00           0.963198
5540.00           0.930289
5542.00           0.934699
5544.00           0.980785
5546.00           1.030898
5548.00           1.040886
5550.00           1.009790
5552.00           0.973186
5554.00           0.952199
5556.00           0.945384
5558.00           0.935187
5560.00           0.920684
5562.00           0.931892
5564.00           0.947283
5566.00           0.970885
5568.00           0.962797
5570.00           0.962692
5572.00           0.959189
5574.00           0.964488
5576.00           0.969891
5578.00           0.975190
5580.00           0.980594
5582.00           0.985892
5584.00           0.991191
5586.00           0.996595
5588.00           1.001894
5590.00           1.007297
5592.00           1.029487
5594.00           1.056400
5596.00           1.054290
5598.00           1.019586
5600.00           0.981692
5602.00           0.984097
5604.00           1.010993
5606.00           1.035884
5608.00           1.055598
5610.00           1.064086
5612.00           1.056992
5614.00           1.040991
5616.00           1.032188
5618.00           1.040886
5620.00           1.043797
5622.00           1.029783
5624.00           1.021695
5626.00           1.034786
5628.00           1.041793
5630.00           1.030689
5632.00           1.002992
5634.00           0.990285
5636.00           0.998791
5638.00           0.983993
5640.00           0.951589
5642.00           0.946987
5644.00           0.986189
5646.00           1.045593
5648.00           1.062291
5650.00           1.055894
5652.00           1.050595
5654.00           1.045383
5656.00           1.033897
5658.00           1.017093
5660.00           1.002992
5662.00           0.991488
5664.00           0.965987
5666.00           0.950194
5668.00           0.962187
5670.00           0.999994
5672.00           1.026384
5674.00           1.045296
5676.00           1.047597
5678.00           1.020684
5680.00           0.994189
5682.00           0.997188
5684.00           1.034786
5686.00           1.046900
5688.00           1.043989
5690.00           1.054290
5692.00           1.085300
5694.00           1.097292
5696.00           1.073290
5698.00           1.039195
5700.00           1.030184
5702.00           1.032084
5704.00           1.021486
5706.00           0.989588
5708.00           0.968688
5710.00           0.972697
5712.00           0.999297
5714.00           1.031491
5716.00           1.047283
5718.00           1.041392
5720.00           1.030288
5722.00           1.038394
5724.00           1.057899
5726.00           1.065795
5728.00           1.052791
5730.00           1.041287
5732.00           1.050787
5734.00           1.063494
5736.00           1.053994
5738.00           1.035186
5740.00           1.051798
5742.00           1.088089
5744.00           1.080384
5746.00           1.030585
5748.00           0.998687
5750.00           1.019499
5752.00           1.025495
5754.00           0.998495
5756.00           0.968096
5758.00           0.980994
5760.00           1.014287
5762.00           1.029696
5764.00           1.018191
5766.00           1.005188
5768.00           1.024397
5770.00           1.056888
5772.00           1.073290
5774.00           1.065097
5776.00           1.036093
5778.00           1.020196
5780.00           1.034193
5782.00           1.077787
5784.00           1.092795
5786.00           1.061890
5788.00           1.035291
5790.00           1.046691
5792.00           1.076689
5794.00           1.083086
5796.00           1.071599
5798.00           1.056992
5800.00           1.052390
5802.00           1.057498
5804.00           1.063389
5806.00           1.044198
5808.00           1.029992
5810.00           1.063895
5812.00           1.107489
5814.00           1.128685
5816.00           1.101684
5818.00           1.077491
5820.00           1.058387
5822.00           1.048190
5824.00           1.059485
5826.00           1.071285
5828.00           1.064784
5830.00           1.048085
5832.00           1.051990
5834.00           1.070292
5836.00           1.075399
5838.00           1.054186
5840.00           1.035396
5842.00           1.050996
5844.00           1.089187
5846.00           1.098983
5848.00           1.042699
5850.00           0.990494
5852.00           0.991697
5854.00           1.036999
5856.00           1.065986
5858.00           1.048887
5860.00           1.019499
5862.00           1.003689
5864.00           1.026384
5866.00           1.068392
5868.00           1.103898
5870.00           1.153192
5872.00           1.195688
5874.00           1.200795
5876.00           1.141688
5878.00           1.086886
5880.00           1.045593
5882.00           1.021486
5884.00           1.015490
5886.00           1.028493
5888.00           1.051990
5890.00           1.052896
5892.00           1.053890
5894.00           1.054796
5896.00           1.055685
5898.00           1.056696
5900.00           1.057585
5902.00           1.058491
5904.00           1.059485
5906.00           1.060391
5908.00           1.061298
5910.00           1.062291
5912.00           1.076288
5914.00           1.105293
5916.00           1.104194
5918.00           1.064086
5920.00           1.015385
5922.00           0.978293
5924.00           0.958300
5926.00           0.930899
5928.00           0.911795
5930.00           0.897798
5932.00           0.876288
5934.00           0.859015
5936.00           0.862117
5938.00           0.884394
5940.00           0.926297
5942.00           0.969194
5944.00           0.992394
5946.00           0.991993
5948.00           0.979983
5950.00           0.995096
5952.00           1.022183
5954.00           1.047597
5956.00           1.070187
5958.00           1.100796
5960.00           1.112091
5962.00           1.087287
5964.00           1.048399
5966.00           1.037487
5968.00           1.039091
5970.00           1.034698
5972.00           1.033199
5974.00           1.038289
5976.00           1.036093
5978.00           1.015594
5980.00           1.031787
5982.00           1.057794
5984.00           1.068392
5986.00           1.054395
5988.00           1.057097
5990.00           1.066091
5992.00           1.052983
5994.00           1.041095
5996.00           1.039195
5998.00           1.042089
6000.00           1.032188
6002.00           1.029783
6004.00           1.060984
6006.00           1.099889
6008.00           1.104299
6010.00           1.079495
6012.00           1.057184
6014.00           1.060095
6016.00           1.049096
6018.00           1.035692
6020.00           1.033687
6022.00           1.042594
6024.00           1.031892
6026.00           1.011184
6028.00           1.003393
6030.00           1.015995
6032.00           1.032188
6034.00           1.047283
6036.00           1.061193
6038.00           1.067485
6040.00           1.061193
6042.00           1.051083
6044.00           1.041984
6046.00           1.013485
6048.00           0.984289
6050.00           0.982494
6052.00           1.020684
6054.00           1.035988
6056.00           1.010191
6058.00           0.968793
6060.00           0.956191
6062.00           0.974197
6064.00           1.013886
6066.00           1.061995
6068.00           1.086589
6070.00           1.072994
6072.00           1.038289
6074.00           1.022689
6076.00           1.033897
6078.00           1.052791
6080.00           1.060583
6082.00           1.058195
6084.00           1.048085
6086.00           1.041583
6088.00           1.039387
6090.00           1.034489
6092.00           1.029783
6094.00           1.019691
6096.00           1.011794
6098.00           1.020388
6100.00           1.029295
6102.00           1.029696
6104.00           1.012492
6106.00           1.014984
6108.00           1.044198
6110.00           1.067485
6112.00           1.065185
6114.00           1.074283
6116.00           1.087897
6118.00           1.071599
6120.00           1.051798
6122.00           1.029887
6124.00           1.029487
6126.00           1.025687
6128.00           1.034088
6130.00           1.047283
6132.00           1.028789
6134.00           1.003585
6136.00           0.992586
6138.00           0.997798
6140.00           1.000098
6142.00           1.000186
6144.00           1.006984
6146.00           1.025199
6148.00           1.051693
6150.00           1.078484
6152.00           1.091888
6154.00           1.088890
6156.00           1.080994
6158.00           1.070484
6160.00           1.046499
6162.00           1.002086
6164.00           0.983592
6166.00           0.980489
6168.00           0.975992
6170.00           0.958683
6172.00           0.962396
6174.00           0.991592
6176.00           1.006984
6178.00           1.002591
6180.00           0.998599
6182.00           1.007594
6184.00           1.021190
6186.00           1.032589
6188.00           1.040294
6190.00           1.047998
6192.00           1.049392
6194.00           1.035797
6196.00           1.015298
6198.00           0.996089
6200.00           0.977683
6202.00           0.956696
6204.00           0.937592
6206.00           0.930289
6208.00           0.908396
6210.00           0.889797
6212.00           0.888089
6214.00           0.907698
6216.00           0.934995
6218.00           0.953384
6220.00           0.972785
6222.00           0.981988
6224.00           0.982685
6226.00           0.985091
6228.00           0.984289
6230.00           0.968688
6232.00           0.948085
6234.00           0.926297
6236.00           0.911289
6238.00           0.937592
6240.00           0.982197
6242.00           1.012387
6244.00           0.998791
6246.00           0.987792
6248.00           1.003184
6250.00           0.996386
6252.00           0.946987
6254.00           0.901284
6256.00           0.887583
6258.00           0.872297
6260.00           0.893388
6262.00           0.934088
6264.00           0.976689
6266.00           0.973691
6268.00           0.946098
6270.00           0.945697
6272.00           0.953593
6274.00           0.948486
6276.00           0.925791
6278.00           0.881291
6280.00           0.837505
6282.00           0.839911
6284.00           0.872785
6286.00           0.915194
6288.00           0.947597
6290.00           0.928197
6292.00           0.871687
6294.00           0.802208
6296.00           0.802016
6298.00           0.777805
6300.00           0.724014
6302.00           0.783801
6304.00           0.896891
6306.00           0.927099
6308.00           0.790111
6310.00           0.805607
6312.00           0.912597
6314.00           0.980785
6316.00           0.941985
6318.00           0.943187
6320.00           0.994486
6322.00           0.989588
6324.00           0.956992
6326.00           0.945994
6328.00           0.967085
6330.00           0.993893
6332.00           1.021399
6334.00           1.018993
6336.00           0.982093
6338.00           0.928389
6340.00           0.908483
6342.00           0.920597
6344.00           0.932485
6346.00           0.936285
6348.00           0.945087
6350.00           0.955894
6352.00           0.955493
6354.00           0.946691
6356.00           0.939091
6358.00           0.937993
6360.00           0.936494
6362.00           0.934890
6364.00           0.933391
6366.00           0.931788
6368.00           0.930184
6370.00           0.928685
6372.00           0.927099
6374.00           0.925600
6376.00           0.923700
6378.00           0.926297
6380.00           0.939492
6382.00           0.964889
6384.00           1.004892
6386.00           1.022898
6388.00           1.020196
6390.00           1.023595
6392.00           1.019098
6394.00           1.009389
6396.00           0.983783
6398.00           0.976497
6400.00           0.984585
6402.00           0.980890
6404.00           0.969089
6406.00           0.951693
6408.00           0.934489
6410.00           0.927988
6412.00           0.931788
6414.00           0.939387
6416.00           0.960095
6418.00           0.996891
6420.00           1.034995
6422.00           1.051798
6424.00           1.045697
6426.00           1.041984
6428.00           1.037993
6430.00           1.030288
6432.00           1.018087
6434.00           1.012788
6436.00           1.004996
6438.00           0.991784
6440.00           0.980088
6442.00           0.975887
6444.00           0.964087
6446.00           0.946796
6448.00           0.941392
6450.00           0.949584
6452.00           0.962692
6454.00           0.966788
6456.00           0.972192
6458.00           0.975783
6460.00           0.980193
6462.00           0.986189
6464.00           0.987496
6466.00           1.014984
6468.00           1.057097
6470.00           1.081186
6472.00           1.059084
6474.00           1.010888
6476.00           0.988594
6478.00           0.989692
6480.00           0.999488
6482.00           0.994991
6484.00           0.972593
6486.00           0.961298
6488.00           0.956992
6490.00           0.934995
6492.00           0.885195
6494.00           0.892185
6496.00           0.953994
6498.00           1.034786
6500.00           1.078188
6502.00           1.062988
6504.00           1.015786
6506.00           0.957393
6508.00           0.946395
6510.00           0.976288
6512.00           0.995985
6514.00           0.981692
6516.00           0.961489
6518.00           0.949793
6520.00           0.959990
6522.00           0.979199
6524.00           0.974493
6526.00           0.953994
6528.00           0.933897
6530.00           0.947283
6532.00           0.978885
6534.00           1.000987
6536.00           1.006984
6538.00           0.960583
6540.00           0.898495
6542.00           0.862204
6544.00           0.876794
6546.00           0.901894
6548.00           0.914392
6550.00           0.944285
6552.00           1.003585
6554.00           1.062099
6556.00           1.076689
6558.00           1.026994
6560.00           0.950090
6562.00           0.896490
6564.00           0.898791
6566.00           0.945192
6568.00           0.977299
6570.00           0.973883
6572.00           0.957097
6574.00           0.979199
6576.00           1.037592
6578.00           1.096298
6580.00           1.121590
6582.00           1.088489
6584.00           1.031892
6586.00           0.995985
6588.00           1.005293
6590.00           1.020998
6592.00           1.026593
6594.00           1.031997
6596.00           1.031090
6598.00           1.014200
6600.00           1.013189
6602.00           1.086084
6604.00           1.206286
6606.00           1.348485
6608.00           1.441983
6610.00           1.435395
6612.00           1.333286
6614.00           1.186589
6616.00           1.077996
6618.00           0.997188
6620.00           0.953994
6622.00           0.964889
6624.00           1.029887
6626.00           1.124083
6628.00           1.219586
6630.00           1.279791
6632.00           1.269890
6634.00           1.217790
6636.00           1.145889
6638.00           1.077892
6640.00           1.016100
6642.00           0.982197
6644.00           0.983696
6646.00           0.994800
6648.00           1.018488
6650.00           1.026994
6652.00           1.012683
6654.00           0.985997
6656.00           0.979600
6658.00           0.997885
6660.00           1.004195
6662.00           0.992098
6664.00           0.980489
6666.00           0.988995
6668.00           1.015193
6670.00           1.018296
6672.00           0.994189
6674.00           0.963686
6676.00           0.957097
6678.00           0.963599
6680.00           0.971390
6682.00           0.983191
6684.00           1.002086
6686.00           1.020684
6688.00           1.030184
6690.00           1.030288
6692.00           1.026297
6694.00           1.017093
6696.00           1.008883
6698.00           1.013398
6700.00           1.025896
6702.00           1.027987
6704.00           1.005694
6706.00           0.981796
6708.00           0.965795
6710.00           0.960688
6712.00           0.959694
6714.00           0.962588
6716.00           0.979600
6718.00           1.005990
6720.00           1.027587
6722.00           1.012300
6724.00           0.969891
6726.00           0.942089
6728.00           0.955894
6730.00           0.991592
6732.00           1.020091
6734.00           1.029783
6736.00           1.013485
6738.00           0.991889
6740.00           0.980297
6742.00           0.986398
6744.00           0.999488
6746.00           1.008988
6748.00           1.013799
6750.00           0.998896
6752.00           0.981692
6754.00           0.982093
6756.00           1.006583
6758.00           1.031892
6760.00           1.048591
6762.00           1.061890
6764.00           1.074493
6766.00           1.079600
6768.00           1.067886
6770.00           1.042298
6772.00           1.018784
6774.00           1.010592
6776.00           1.023891
6778.00           1.047998
6780.00           1.062692
6782.00           1.060391
6784.00           1.041984
6786.00           1.021085
6788.00           1.005293
6790.00           0.991889
6792.00           0.980489
6794.00           0.973586
6796.00           0.978694
6798.00           0.988193
6800.00           0.984289
6802.00           0.972087
6804.00           0.969891
6806.00           0.989291
6808.00           1.011794
6810.00           1.015891
6812.00           1.000883
6814.00           0.976096
6816.00           0.944390
6818.00           0.916484
6820.00           0.872088
6822.00           0.818000
6824.00           0.840311
6826.00           0.916187
6828.00           1.019394
6830.00           1.093387
6832.00           1.148695
6834.00           1.162692
6836.00           1.096194
6838.00           1.047092
6840.00           1.016989
6842.00           0.994486
6844.00           0.959084
6846.00           0.975486
6848.00           1.007890
6850.00           1.004090
6852.00           0.983592
6854.00           0.918488
6856.00           0.839701
6858.00           0.793405
6860.00           0.882895
6862.00           0.996595
6864.00           1.054796
6866.00           1.072889
6868.00           1.042089
6870.00           0.915490
6872.00           0.704317
6874.00           0.607106
6876.00           0.647615
6878.00           0.740817
6880.00           0.781012
6882.00           0.804317
6884.00           0.846308
6886.00           0.892098
6888.00           0.905990
6890.00           0.895985
6892.00           0.860601
6894.00           0.825513
6896.00           0.810801
6898.00           0.821608
6900.00           0.867503
6902.00           0.905990
6904.00           0.892795
6906.00           0.855005
6908.00           0.821608
6910.00           0.847109
6912.00           0.925391
6914.00           0.965098
6916.00           0.953384
6918.00           0.925791
6920.00           0.935797
6922.00           0.995898
6924.00           1.051484
6926.00           1.122793
6928.00           1.137888
6930.00           1.046795
6932.00           0.888385
6934.00           0.813102
6936.00           0.860217
6938.00           0.951083
6940.00           0.983993
6942.00           0.972384
6944.00           0.957585
6946.00           0.958195
6948.00           0.955197
6950.00           0.998599
6952.00           1.090389
6954.00           1.163197
6956.00           1.121399
6958.00           1.000587
6960.00           0.907890
6962.00           0.893283
6964.00           0.921294
6966.00           0.951693
6968.00           0.970588
6970.00           0.970693
6972.00           0.960095
6974.00           0.959293
6976.00           0.990791
6978.00           1.031683
6980.00           1.086694
6982.00           1.127499
6984.00           1.110400
6986.00           1.038585
6988.00           0.968688
6990.00           0.970083
6992.00           0.994294
6994.00           0.990390
6996.00           0.960200
6998.00           0.946499
7000.00           0.955197
7002.00           0.964889
7004.00           0.966492
7006.00           0.986991
7008.00           1.011690
7010.00           1.017686
7012.00           0.999698
7014.00           1.007193
7016.00           1.035988
7018.00           1.054796
7020.00           1.036999
7022.00           1.007384
7024.00           0.987095
7026.00           0.977996
7028.00           0.973796
7030.00           0.974789
7032.00           0.982598
7034.00           0.995096
7036.00           1.005084
7038.00           1.004090
7040.00           0.992987
7042.00           0.980193
7044.00           0.973395
7046.00           0.978397
7048.00           0.993597
7050.00           1.016692
7052.00           1.048991
7054.00           1.063285
7056.00           1.042490
7058.00           1.001284
7060.00           0.970397
7062.00           0.966196
7064.00           0.969786
7066.00           0.989291
7068.00           1.013799
7070.00           1.031787
7072.00           1.033897
7074.00           1.022985
7076.00           1.017599
7078.00           1.016989
7080.00           1.013694
7082.00           1.030393
7084.00           1.052199
7086.00           1.059798
7088.00           1.040189
7090.00           1.026785
7092.00           1.055685
7094.00           1.087792
7096.00           1.103794
7098.00           1.093684
7100.00           1.076985