3650.00           0.917405
3652.00           0.817913
3654.00           0.791728
3656.00           0.754111
3658.00           0.756816
3660.00           0.719321
3662.00           0.747801
3664.00           0.773124
3666.00           0.803735
3668.00           0.847621
3670.00           0.831804
3672.00           0.832623
3674.00           0.831722
3676.00           0.826518
3678.00           0.790827
3680.00           0.714814
3682.00           0.715306
3684.00           0.698833
3686.00           0.683507
3688.00           0.665805
3690.00           0.657814
3692.00           0.665436
3694.00           0.618231
3696.00           0.593521
3698.00           0.577827
3700.00           0.602004
3702.00           0.637613
3704.00           0.703832
3706.00           0.734606
3708.00           0.728705
3710.00           0.752021
3712.00           0.762634
3714.00           0.841106
3716.00           0.810537
3718.00           0.765626
3720.00           0.668428
3722.00           0.614215
3724.00           0.628229
3726.00           0.667403
3728.00           0.705717
3730.00           0.740138
3732.00           0.781935
3734.00           0.739236
3736.00           0.790335
3738.00           0.962440
3740.00           1.430318
3742.00           1.845294
3744.00           1.927577
3746.00           1.591236
3748.00           1.089100
3750.00           0.767920
3752.00           0.673222
3754.00           0.763741
3756.00           0.851801
3758.00           0.841311
3760.00           0.727640
3762.00           0.634335
3764.00           0.606019
3766.00           0.650725
3768.00           0.688916
3770.00           0.769928
3772.00           0.800538
3774.00           0.824018
3776.00           0.871306
3778.00           0.883804
3780.00           0.865938
3782.00           0.781812
3784.00           0.693506
3786.00           0.638924
3788.00           0.660601
3790.00           0.767715
3792.00           0.879133
3794.00           0.940107
3796.00           0.951908
3798.00           0.965513
3800.00           0.961005
3802.00           0.951622
3804.00           0.890729
3806.00           0.846023
3808.00           0.786934
3810.00           0.735630
3812.00           0.708626
3814.00           0.715224
3816.00           0.774026
3818.00           0.819716
3820.00           0.870732
3822.00           0.885935
3824.00           0.881305
3826.00           0.901424
3828.00           0.918840
3830.00           0.950802
3832.00           0.935517
3834.00           0.934739
3836.00           0.942811
3838.00           0.930805
3840.00           0.902121
3842.00           0.840614
3844.00           0.786811
3846.00           0.753619
3848.00           0.714609
3850.00           0.671706
3852.00           0.644702
3854.00           0.649906
3856.00           0.722518
3858.00           0.767101
3860.00           0.845531
3862.00           0.896507
3864.00           0.981330
3866.00           1.007719
3868.00           1.007514
3870.00           0.990222
3872.00           0.982313
3874.00           0.978339
3876.00           0.990017
3878.00           0.981412
3880.00           0.993008
3882.00           1.034232
3884.00           1.053737
3886.00           1.083937
3888.00           1.051319
3890.00           1.052712
3892.00           1.054106
3894.00           1.055540
3896.00           1.056933
3898.00           0.875732
3900.00           0.740834
3902.00           0.693629
3904.00           0.710224
3906.00           0.752841
3908.00           0.774231
3910.00           0.807709
3912.00           0.878518
3914.00           0.951908
3916.00           1.029724
3918.00           1.052016
3920.00           1.008006
3922.00           1.004933
3924.00           0.991328
3926.00           1.056605
3928.00           1.031404
3930.00           0.992312
3932.00           0.914701
3934.00           0.871716
3936.00           0.903022
3938.00           0.954039
3940.00           1.010834
3942.00           0.978626
3944.00           0.929822
3946.00           0.829919
3948.00           0.776935
3950.00           0.748702
3952.00           0.798612
3954.00           0.862906
3956.00           0.945721
3958.00           1.005711
3960.00           1.034600
3962.00           1.028823
3964.00           0.989239
3966.00           0.963218
3968.00           0.916504
3970.00           0.929002
3972.00           0.975306
3974.00           1.021734
3976.00           1.027716
3978.00           0.954736
3980.00           0.887615
3982.00           0.764314
3984.00           0.699529
3986.00           0.686908
3988.00           0.742637
3990.00           0.805538
3992.00           0.852538
3994.00           0.895933
3996.00           0.941623
3998.00           0.969119
4000.00           0.990017
4002.00           1.046730
4004.00           1.082708
4006.00           1.150238
4008.00           1.156139
4010.00           1.174005
4012.00           1.177529
4014.00           1.188224
4016.00           1.194821
4018.00           1.201419
4020.00           1.198837
4022.00           1.198141
4024.00           1.194617
4026.00           1.195108
4028.00           1.213015
4030.00           1.229406
4032.00           1.255919
4034.00           1.238421
4036.00           1.197321
4038.00           1.156508
4040.00           1.136019
4042.00           1.151304
4044.00           1.184126
4046.00           1.273703
4048.00           1.299928
4050.00           1.264934
4052.00           1.197403
4054.00           1.188839
4056.00           1.216335
4058.00           1.222932
4060.00           1.184700
4062.00           1.158720
4064.00           1.184208
4066.00           1.256820
4068.00           1.297511
4070.00           1.288127
4072.00           1.221907
4074.00           1.155606
4076.00           1.150525
4078.00           1.158516
4080.00           1.159909
4082.00           1.153434
4084.00           1.182405
4086.00           1.231332
4088.00           1.218711
4090.00           1.188224
4092.00           1.163515
4094.00           1.131635
4096.00           1.117538
4098.00           1.166014
4100.00           1.195600
4102.00           1.182610
4104.00           1.121308
4106.00           1.111310
4108.00           1.111802
4110.00           1.086314
4112.00           1.034314
4114.00           0.981330
4116.00           0.966332
4118.00           0.957031
4120.00           0.964529
4122.00           0.973012
4124.00           1.003908
4126.00           1.025217
4128.00           1.049106
4130.00           1.071029
4132.00           1.120407
4134.00           1.125119
4136.00           1.138437
4138.00           1.132208
4140.00           1.143723
4142.00           1.165113
4144.00           1.176423
4146.00           1.189208
4148.00           1.144706
4150.00           1.080331
4152.00           1.070210
4154.00           1.117825
4156.00           1.183102
4158.00           1.175030
4160.00           1.134831
4162.00           1.095534
4164.00           1.133233
4166.00           1.150935
4168.00           1.209123
4170.00           1.197034
4172.00           1.201706
4174.00           1.192035
4176.00           1.227603
4178.00           1.262434
4180.00           1.264934
4182.00           1.248420
4184.00           1.231906
4186.00           1.194125
4188.00           1.151918
4190.00           1.110900
4192.00           1.169416
4194.00           1.190314
4196.00           1.231824
4198.00           1.224325
4200.00           1.251534
4202.00           1.214204
4204.00           1.186421
4206.00           1.186913
4208.00           1.251534
4210.00           1.267023
4212.00           1.268212
4214.00           1.245633
4216.00           1.242314
4218.00           1.193428
4220.00           1.165236
4222.00           1.146632
4224.00           1.149132
4226.00           1.186503
4228.00           1.208836
4230.00           1.220104
4232.00           1.221416
4234.00           1.237028
4236.00           1.257025
4238.00           1.227808
4240.00           1.148640
4242.00           1.062014
4244.00           1.032224
4246.00           1.083937
4248.00           1.145936
4250.00           1.167735
4252.00           1.146714
4254.00           1.146714
4256.00           1.166014
4258.00           1.192404
4260.00           1.202812
4262.00           1.186421
4264.00           1.167817
4266.00           1.153230
4268.00           1.141715
4270.00           1.121718
4272.00           1.127906
4274.00           1.158516
4276.00           1.207238
4278.00           1.216130
4280.00           1.209327
4282.00           1.179209
4284.00           1.148804
4286.00           1.119218
4288.00           1.089223
4290.00           1.047303
4292.00           1.053409
4294.00           1.101229
4296.00           1.147206
4298.00           1.121636
4300.00           1.089305
4302.00           1.084511
4304.00           1.099140
4306.00           1.071234
4308.00           1.066522
4310.00           1.066440
4312.00           1.097910
4314.00           1.084306
4316.00           1.070824
4318.00           1.053901
4320.00           1.063407
4322.00           1.040501
4324.00           1.002023
4326.00           0.989935
4328.00           1.004810
4330.00           1.028208
4332.00           1.057220
4334.00           1.103729
4336.00           1.142617
4338.00           1.139420
4340.00           1.087707
4342.00           1.052712
4344.00           1.007801
4346.00           1.003540
4348.00           1.012104
4350.00           1.009522
4352.00           0.962603
4354.00           0.872003
4356.00           0.908923
4358.00           1.118235
4360.00           1.283005
4362.00           1.265917
4364.00           1.091805
4366.00           1.008334
4368.00           0.994320
4370.00           1.023537
4372.00           1.029109
4374.00           1.072504
4376.00           1.117415
4378.00           1.175316
4380.00           1.189412
4382.00           1.170440
4384.00           1.148640
4386.00           1.136634
4388.00           1.118440
4390.00           1.093813
4392.00           1.087625
4394.00           1.093034
4396.00           1.081110
4398.00           1.085207
4400.00           1.065415
4402.00           1.033822
4404.00           0.992312
4406.00           1.009236
4408.00           1.075127
4410.00           1.115612
4412.00           1.127619
4414.00           1.127906
4416.00           1.136306
4418.00           1.136224
4420.00           1.146304
4422.00           1.134216
4424.00           1.133438
4426.00           1.119710
4428.00           1.167817
4430.00           1.195805
4432.00           1.198305
4434.00           1.151918
4436.00           1.127414
4438.00           1.179209
4440.00           1.213015
4442.00           1.226128
4444.00           1.189535
4446.00           1.195313
4448.00           1.206336
4450.00           1.201419
4452.00           1.172325
4454.00           1.154336
4456.00           1.165441
4458.00           1.163515
4460.00           1.170235
4462.00           1.152738
4464.00           1.192609
4466.00           1.223710
4468.00           1.231824
4470.00           1.192240
4472.00           1.159335
4474.00           1.154336
4476.00           1.152615
4478.00           1.131635
4480.00           1.104221
4482.00           1.101107
4484.00           1.118604
4486.00           1.146837
4488.00           1.153803
4490.00           1.149501
4492.00           1.153434
4494.00           1.184536
4496.00           1.216130
4498.00           1.204902
4500.00           1.164908
4502.00           1.145526
4504.00           1.170030
4506.00           1.217441
4508.00           1.226907
4510.00           1.212401
4512.00           1.212933
4514.00           1.208221
4516.00           1.219613
4518.00           1.198141
4520.00           1.197321
4522.00           1.221006
4524.00           1.232930
4526.00           1.231906
4528.00           1.229119
4530.00           1.266532
4532.00           1.310418
4534.00           1.296609
4536.00           1.237520
4538.00           1.203632
4540.00           1.210721
4542.00           1.218711
4544.00           1.199903
4546.00           1.180520
4548.00           1.176628
4550.00           1.175439
4552.00           1.160728
4554.00           1.176341
4556.00           1.207811
4558.00           1.237520
4560.00           1.244240
4562.00           1.235840
4564.00           1.225513
4566.00           1.197731
4568.00           1.181627
4570.00           1.177037
4572.00           1.182200
4574.00           1.166711
4576.00           1.164129
4578.00           1.175234
4580.00           1.204000
4582.00           1.208303
4584.00           1.204615
4586.00           1.210926
4588.00           1.215105
4590.00           1.208016
4592.00           1.186216
4594.00           1.181914
4596.00           1.215023
4598.00           1.224202
4600.00           1.224612
4602.00           1.213507
4604.00           1.213425
4606.00           1.195600
4608.00           1.185807
4610.00           1.190314
4612.00           1.198305
4614.00           1.180315
4616.00           1.169907
4618.00           1.187732
4620.00           1.199411
4622.00           1.210229
4624.00           1.195436
4626.00           1.202730
4628.00           1.202034
4630.00           1.229939
4632.00           1.234037
4634.00           1.219326
4636.00           1.205517
4638.00           1.183717
4640.00           1.192814
4642.00           1.214204
4644.00           1.220104
4646.00           1.219818
4648.00           1.186503
4650.00           1.191420
4652.00           1.189208
4654.00           1.179537
4656.00           1.181504
4658.00           1.190601
4660.00           1.211335
4662.00           1.214327
4664.00           1.195600
4666.00           1.185807
4668.00           1.156016
4670.00           1.142207
4672.00           1.140936
4674.00           1.162327
4676.00           1.191133
4678.00           1.205639
4680.00           1.217810
4682.00           1.208836
4684.00           1.183430
4686.00           1.155729
4688.00           1.150730
4690.00           1.144911
4692.00           1.164129
4694.00           1.185110
4696.00           1.190437
4698.00           1.190806
4700.00           1.169416
4702.00           1.173636
4704.00           1.175316
4706.00           1.189412
4708.00           1.197608
4710.00           1.177939
4712.00           1.171137
4714.00           1.172325
4716.00           1.185929
4718.00           1.173022
4720.00           1.154828
4722.00           1.128725
4724.00           1.126635
4726.00           1.112129
4728.00           1.141100
4730.00           1.153721
4732.00           1.170604
4734.00           1.152902
4736.00           1.176218
4738.00           1.187814
4740.00           1.193223
4742.00           1.172120
4744.00           1.189904
4746.00           1.195518
4748.00           1.176505
4750.00           1.144624
4752.00           1.120735
4754.00           1.123521
4756.00           1.137125
4758.00           1.150525
4760.00           1.173513
4762.00           1.172325
4764.00           1.187937
4766.00           1.180520
4768.00           1.197526
4770.00           1.189535
4772.00           1.168924
4774.00           1.131430
4776.00           1.127824
4778.00           1.131839
4780.00           1.138314
4782.00           1.132905
4784.00           1.122620
4786.00           1.115612
4788.00           1.116432
4790.00           1.113523
4792.00           1.135404
4794.00           1.164416
4796.00           1.203714
4798.00           1.198427
4800.00           1.175808
4802.00           1.151304
4804.00           1.131512
4806.00           1.117620
4808.00           1.110900
4810.00           1.124627
4812.00           1.140527
4814.00           1.190314
4816.00           1.205639
4818.00           1.202238
4820.00           1.174538
4822.00           1.178226
4824.00           1.173308
4826.00           1.160605
4828.00           1.143313
4830.00           1.129135
4832.00           1.137330
4834.00           1.165810
4836.00           1.195518
4838.00           1.194412
4840.00           1.180315
4842.00           1.165523
4844.00           1.139010
4846.00           1.125816
4848.00           1.128930
4850.00           1.143231
4852.00           1.127537
4854.00           1.111023
4856.00           1.103811
4858.00           1.100615
4860.00           1.108523
4862.00           1.097337
4864.00           1.097623
4866.00           1.084101
4868.00           1.073529
4870.00           1.061522
4872.00           1.043615
4874.00           1.021201
4876.00           0.991738
4878.00           1.099631
4880.00           1.368524
4882.00           1.608200
4884.00           1.577303
4886.00           1.324023
4888.00           1.090411
4890.00           0.999032
4892.00           0.988829
4894.00           0.996737
4896.00           1.004113
4898.00           1.026815
4900.00           1.055622
4902.00           1.056318
4904.00           1.058121
4906.00           1.045623
4908.00           1.065702
4910.00           1.048820
4912.00           1.052917
4914.00           1.063530
4916.00           1.106638
4918.00           1.125611
4920.00           1.121021
4922.00           1.112129
4924.00           1.114629
4926.00           1.133724
4928.00           1.121513
4930.00           1.090534
4932.00           1.055335
4934.00           1.061318
4936.00           1.086928
4938.00           1.111105
4940.00           1.081028
4942.00           1.060539
4944.00           1.064104
4946.00           1.090002
4948.00           1.100533
4950.00           1.105819
4952.00           1.130118
4954.00           1.144215
4956.00           1.113441
4958.00           1.078036
4960.00           1.061932
4962.00           1.077831
4964.00           1.105327
4966.00           1.125119
4968.00           1.150607
4970.00           1.148312
4972.00           1.165113
4974.00           1.152738
4976.00           1.145403
4978.00           1.130528
4980.00           1.158106
4982.00           1.185520
4984.00           1.174415
4986.00           1.127906
4988.00           1.093813
4990.00           1.097337
4992.00           1.120202
4994.00           1.159130
4996.00           1.188224
4998.00           1.168924
5000.00           1.114711
5002.00           1.064514
5004.00           1.064309
5006.00           1.082421
5008.00           1.083240
5010.00           1.069021
5012.00           1.055212
5014.00           1.061318
5016.00           1.064514
5018.00           1.075127
5020.00           1.072422
5022.00           1.105327
5024.00           1.158311
5026.00           1.276120
5028.00           1.364140
5030.00           1.347708
5032.00           1.222030
5034.00           1.085617
5036.00           1.026036
5038.00           1.009236
5040.00           0.989239
5042.00           0.985715
5044.00           1.001614
5046.00           1.035010
5048.00           1.050622
5050.00           1.053409
5052.00           1.073201
5054.00           1.079225
5056.00           1.087912
5058.00           1.075209
5060.00           1.062916
5062.00           1.033535
5064.00           1.017923
5066.00           1.016611
5068.00           1.056523
5070.00           1.066809
5072.00           1.058818
5074.00           1.033002
5076.00           1.034805
5078.00           1.067218
5080.00           1.083240
5082.00           1.094632
5084.00           1.076930
5086.00           1.069841
5088.00           1.077913
5090.00           1.098935
5092.00           1.112211
5094.00           1.095616
5096.00           1.059801
5098.00           1.032920
5100.00           1.019931
5102.00           1.030339
5104.00           1.046935
5106.00           1.043533
5108.00           1.042427
5110.00           1.058408
5112.00           1.070619
5114.00           1.089920
5116.00           1.086437
5118.00           1.086723
5120.00           1.068038
5122.00           1.027716
5124.00           1.009031
5126.00           1.007228
5128.00           1.015833
5130.00           1.020422
5132.00           1.029109
5134.00           1.049721
5136.00           1.058326
5138.00           1.051114
5140.00           1.037100
5142.00           1.024028
5144.00           0.993705
5146.00           0.985838
5148.00           1.006326
5150.00           1.031609
5152.00           1.033002
5154.00           1.013128
5156.00           1.002023
5158.00           0.986124
5160.00           0.979240
5162.00           0.976331
5164.00           0.968504
5166.00           0.960309
5168.00           0.953506
5170.00           0.947237
5172.00           0.929617
5174.00           0.931010
5176.00           0.951212
5178.00           0.971823
5180.00           0.970225
5182.00           0.943918
5184.00           0.911341
5186.00           0.890729
5188.00           0.901629
5190.00           0.914824
5192.00           0.913431
5194.00           0.910234
5196.00           0.928305
5198.00           0.968627
5200.00           0.998622
5202.00           0.998417
5204.00           0.976126
5206.00           0.949614
5208.00           0.943836
5210.00           0.962030
5212.00           0.994238
5214.00           1.020504
5216.00           1.022840
5218.00           1.024110
5220.00           1.028741
5222.00           1.026733
5224.00           0.996410
5226.00           0.953425
5228.00           0.925109
5230.00           0.927609
5232.00           0.963013
5234.00           1.005220
5236.00           1.042222
5238.00           1.067136
5240.00           1.054638
5242.00           1.013538
5244.00           0.964816
5246.00           0.953506
5248.00           0.964120
5250.00           0.980715
5252.00           1.006121
5254.00           1.040624
5256.00           1.069226
5258.00           1.074717
5260.00           1.055827
5262.00           1.022430
5264.00           1.004728
5266.00           1.010219
5268.00           1.018332
5270.00           1.025135
5272.00           1.027511
5274.00           1.037633
5276.00           1.047017
5278.00           1.053614
5280.00           1.055335
5282.00           1.036035
5284.00           0.998008
5286.00           0.962112
5288.00           0.949409
5290.00           0.964037
5292.00           0.977437
5294.00           0.975429
5296.00           0.964611
5298.00           0.966619
5300.00           0.997106
5302.00           1.033330
5304.00           1.048041
5306.00           1.045623
5308.00           1.039231
5310.00           1.043902
5312.00           1.039518
5314.00           1.030626
5316.00           1.025626
5318.00           1.016939
5320.00           0.989321
5322.00           0.982723
5324.00           1.006531
5326.00           1.044722
5328.00           1.076110
5330.00           1.081519
5332.00           1.073406
5334.00           1.043411
5336.00           1.023823
5338.00           1.029232
5340.00           1.032920
5342.00           1.008621
5344.00           0.996614
5346.00           1.006203
5348.00           1.017636
5350.00           1.015710
5352.00           1.011612
5354.00           1.033002
5356.00           1.046402
5358.00           1.028741
5360.00           1.006326
5362.00           1.006613
5364.00           1.022840
5366.00           1.017841
5368.00           0.990632
5370.00           0.988419
5372.00           1.005507
5374.00           1.031035
5376.00           1.048533
5378.00           1.070537
5380.00           1.081601
5382.00           1.074840
5384.00           1.057917
5386.00           1.033412
5388.00           1.022430
5390.00           1.028331
5392.00           1.041730
5394.00           1.038903
5396.00           1.033412
5398.00           1.046812
5400.00           1.068325
5402.00           1.073611
5404.00           1.050704
5406.00           1.019234
5408.00           1.004728
5410.00           1.009932
5412.00           1.016816
5414.00           1.003007
5416.00           0.985510
5418.00           0.967808
5420.00           0.957440
5422.00           0.957809
5424.00           0.965021
5426.00           0.973831
5428.00           0.969406
5430.00           0.963833
5432.00           0.973503
5434.00           0.989607
5436.00           1.000425
5438.00           1.008416
5440.00           1.013210
5442.00           1.007801
5444.00           0.969406
5446.00           0.953220
5448.00           0.954736
5450.00           0.980224
5452.00           0.981330
5454.00           0.982313
5456.00           0.983338
5458.00           0.984321
5460.00           0.985428
5462.00           0.986411
5464.00           0.987436
5466.00           0.988501
5468.00           0.977314
5470.00           0.974610
5472.00           0.995016
5474.00           1.020504
5476.00           1.017636
5478.00           0.983420
5480.00           0.969037
5482.00           0.990017
5484.00           1.023332
5486.00           1.035502
5488.00           1.020832
5490.00           0.999401
5492.00           0.991205
5494.00           0.990140
5496.00           0.967521
5498.00           0.953916
5500.00           0.963136
5502.00           0.987927
5504.00           0.994607
5506.00           0.983338
5508.00           0.987313
5510.00           1.004400
5512.00           1.015136
5514.00           1.013702
5516.00           1.008703
5518.00           1.019521
5520.00           1.031322
5522.00           1.029027
5524.00           1.015505
5526.00           1.005507
5528.00           1.010137
5530.00           1.014808
5532.00           1.001409
5534.00           0.972602
5536.00           0.954531
5538.00           0.980306
5540.00           1.041526
5542.00           1.097132
5544.00           1.117702
5546.00           1.099017
5548.00           1.055417
5550.00           1.011817
5552.00           0.984035
5554.00           0.983215
5556.00           0.995631
5558.00           1.012514
5560.00           1.027306
5562.00           1.026610
5564.00           1.029437
5566.00           1.027634
5568.00           1.037920
5570.00           1.037018
5572.00           1.036117
5574.00           1.035215
5576.00           1.034314
5578.00           1.033412
5580.00           1.032511
5582.00           1.031609
5584.00           1.030708
5586.00           1.049229
5588.00           1.045213
5590.00           1.042837
5592.00           1.024110
5594.00           1.022102
5596.00           1.003622
5598.00           0.972438
5600.00           0.965308
5602.00           0.998540
5604.00           1.046812
5606.00           1.053122
5608.00           1.009522
5610.00           0.955432
5612.00           0.936132
5614.00           0.941910
5616.00           0.964734
5618.00           0.994730
5620.00           1.028823
5622.00           1.036403
5624.00           1.017513
5626.00           0.992107
5628.00           0.966701
5630.00           0.969406
5632.00           0.998704
5634.00           1.042222
5636.00           1.064719
5638.00           1.040829
5640.00           0.999606
5642.00           0.976536
5644.00           0.995221
5646.00           1.033002
5648.00           1.041034
5650.00           1.022225
5652.00           1.005302
5654.00           1.006736
5656.00           1.013333
5658.00           1.007719
5660.00           0.999934
5662.00           0.996123
5664.00           0.989607
5666.00           0.992025
5668.00           1.004728
5670.00           1.026036
5672.00           1.025340
5674.00           1.009031
5676.00           0.996614
5678.00           0.993623
5680.00           0.995139
5682.00           0.980838
5684.00           0.960514
5686.00           0.961702
5688.00           0.979404
5690.00           1.008211
5692.00           1.024807
5694.00           1.031937
5696.00           1.025503
5698.00           1.007719
5700.00           1.007228
5702.00           1.028618
5704.00           1.054106
5706.00           1.058121
5708.00           1.029232
5710.00           0.995139
5712.00           0.984321
5714.00           1.006941
5716.00           1.037838
5718.00           1.033207
5720.00           1.006941
5722.00           1.001901
5724.00           1.026323
5726.00           1.036608
5728.00           1.000507
5730.00           0.970635
5732.00           0.970307
5734.00           0.989730
5736.00           0.996901
5738.00           0.996123
5740.00           0.992230
5742.00           0.991533
5744.00           1.002228
5746.00           1.029232
5748.00           1.065333
5750.00           1.085904
5752.00           1.068202
5754.00           1.030134
5756.00           0.994402
5758.00           0.978626
5760.00           0.971618
5762.00           0.967029
5764.00           0.972233
5766.00           0.992230
5768.00           1.025012
5770.00           1.054515
5772.00           1.064104
5774.00           1.055540
5776.00           1.040214
5778.00           1.030216
5780.00           1.022635
5782.00           1.003622
5784.00           0.984035
5786.00           0.981617
5788.00           1.007637
5790.00           1.032634
5792.00           1.036608
5794.00           1.019726
5796.00           0.998417
5798.00           0.985305
5800.00           0.981125
5802.00           0.978830
5804.00           0.968504
5806.00           0.959735
5808.00           0.957440
5810.00           0.963136
5812.00           0.987026
5814.00           1.014440
5816.00           1.026733
5818.00           1.005425
5820.00           0.995221
5822.00           1.018414
5824.00           1.052712
5826.00           1.053204
5828.00           1.037715
5830.00           1.030912
5832.00           1.033412
5834.00           1.025422
5836.00           0.999319
5838.00           0.983338
5840.00           1.001901
5842.00           1.045009
5844.00           1.065128
5846.00           1.039518
5848.00           1.032838
5850.00           1.048205
5852.00           1.064227
5854.00           1.042017
5856.00           1.019316
5858.00           1.006941
5860.00           0.991820
5862.00           0.982805
5864.00           1.005630
5866.00           1.043533
5868.00           1.065333
5870.00           1.072504
5872.00           1.054802
5874.00           1.043411
5876.00           1.020217
5878.00           1.013620
5880.00           1.007023
5882.00           1.000507
5884.00           0.993910
5886.00           0.987436
5888.00           0.980838
5890.00           0.974323
5892.00           0.967726
5894.00           0.961128
5896.00           0.954613
5898.00           0.948016
5900.00           0.941500
5902.00           0.934903
5904.00           0.928305
5906.00           0.921831
5908.00           0.909538
5910.00           0.910316
5912.00           0.908923
5914.00           0.922732
5916.00           0.921134
5918.00           0.917037
5920.00           0.908800
5922.00           0.912529
5924.00           0.932116
5926.00           0.950802
5928.00           0.958219
5930.00           0.970717
5932.00           1.011735
5934.00           1.065702
5936.00           1.056318
5938.00           0.989239
5940.00           0.923511
5942.00           0.926625
5944.00           0.950310
5946.00           0.948712
5948.00           0.932731
5950.00           0.955105
5952.00           1.008006
5954.00           1.041321
5956.00           1.026610
5958.00           1.016611
5960.00           1.017226
5962.00           1.015218
5964.00           0.987108
5966.00           0.972028
5968.00           0.983010
5970.00           0.997434
5972.00           0.995016
5974.00           0.986001
5976.00           0.984526
5978.00           0.992230
5980.00           0.995508
5982.00           1.000139
5984.00           1.008006
5986.00           1.012227
5988.00           1.000917
5990.00           0.986206
5992.00           0.985141
5994.00           0.994320
5996.00           1.000917
5998.00           0.989607
6000.00           0.971209
6002.00           0.975921
6004.00           1.001122
6006.00           1.023618
6008.00           1.007432
6010.00           0.965923
6012.00           0.945721
6014.00           0.960432
6016.00           0.984116
6018.00           0.992435
6020.00           0.993213
6022.00           1.004318
6024.00           0.992107
6026.00           0.979814
6028.00           0.975839
6030.00           0.985223
6032.00           0.994934
6034.00           0.995836
6036.00           1.001819
6038.00           0.988829
6040.00           0.956334
6042.00           0.932116
6044.00           0.928428
6046.00           0.937320
6048.00           0.949818
6050.00           0.951826
6052.00           0.953302
6054.00           0.961907
6056.00           0.970717
6058.00           0.981207
6060.00           0.987518
6062.00           0.995139
6064.00           1.006941
6066.00           1.014235
6068.00           1.020709
6070.00           1.029724
6072.00           1.040829
6074.00           1.049926
6076.00           1.046525
6078.00           1.025012
6080.00           0.996533
6082.00           0.982600
6084.00           0.980838
6086.00           0.974610
6088.00           0.950720
6090.00           0.926625
6092.00           0.918922
6094.00           0.931829
6096.00           0.954121
6098.00           0.970840
6100.00           0.980224
6102.00           0.982928
6104.00           0.981535
6106.00           0.985141
6108.00           0.999319
6110.00           1.024315
6112.00           1.042017
6114.00           1.047508
6116.00           1.042509
6118.00           1.032224
6120.00           1.025340
6122.00           1.014235
6124.00           0.993623
6126.00           0.961005
6128.00           0.927732
6130.00           0.909005
6132.00           0.904702
6134.00           0.909210
6136.00           0.920602
6138.00           0.929617
6140.00           0.937402
6142.00           0.958137
6144.00           0.972930
6146.00           0.976904
6148.00           0.972028
6150.00           0.975634
6152.00           0.997024
6154.00           1.011735
6156.00           1.011202
6158.00           1.002105
6160.00           0.977724
6162.00           0.938714
6164.00           0.899007
6166.00           0.882124
6168.00           0.903309
6170.00           0.932813
6172.00           0.944410
6174.00           0.936829
6176.00           0.923306
6178.00           0.914619
6180.00           0.918430
6182.00           0.930108
6184.00           0.943139
6186.00           0.948016
6188.00           0.946008
6190.00           0.946540
6192.00           0.950310
6194.00           0.954818
6196.00           0.950802
6198.00           0.936829
6200.00           0.925724
6202.00           0.921708
6204.00           0.920028
6206.00           0.910316
6208.00           0.906137
6210.00           0.893106
6212.00           0.867536
6214.00           0.845408
6216.00           0.851432
6218.00           0.890524
6220.00           0.933837
6222.00           0.963218
6224.00           0.943303
6226.00           0.893516
6228.00           0.875035
6230.00           0.926707
6232.00           1.000221
6234.00           1.032429
6236.00           1.029929
6238.00           1.005302
6240.00           0.979117
6242.00           0.949736
6244.00           0.924904
6246.00           0.888803
6248.00           0.829837
6250.00           0.773329
6252.00           0.758537
6254.00           0.793818
6256.00           0.854833
6258.00           0.897531
6260.00           0.903022
6262.00           0.898105
6264.00           0.908431
6266.00           0.922814
6268.00           0.931502
6270.00           0.926625
6272.00           0.920807
6274.00           0.897613
6276.00           0.852415
6278.00           0.809840
6280.00           0.803038
6282.00           0.843810
6284.00           0.904334
6286.00           0.932321
6288.00           0.932403
6290.00           0.918635
6292.00           0.918635
6294.00           0.918635
6296.00           0.918635
6298.00           0.918635
6300.00           0.918635
6302.00           0.918635
6304.00           0.918635
6306.00           0.918635
6308.00           0.924617
6310.00           0.906915
6312.00           0.885115
6314.00           0.877002
6316.00           0.912406
6318.00           0.949532
6320.00           0.959817
6322.00           0.957522
6324.00           0.980101
6326.00           1.018537
6328.00           1.046320
6330.00           1.031814
6332.00           0.969733
6334.00           0.905112
6336.00           0.867905
6338.00           0.862209
6340.00           0.847416
6342.00           0.828321
6344.00           0.827624
6346.00           0.840614
6348.00           0.857824
6350.00           0.874134
6352.00           0.892532
6354.00           0.893803
6356.00           0.894130
6358.00           0.929740
6360.00           1.016816
6362.00           1.100738
6364.00           1.099140
6366.00           0.995836
6368.00           0.872208
6370.00           0.815618
6372.00           0.835738
6374.00           0.872535
6376.00           0.889623
6378.00           0.886304
6380.00           0.885402
6382.00           0.902203
6384.00           0.938632
6386.00           0.977519
6388.00           0.989730
6390.00           0.965103
6392.00           0.952728
6394.00           0.962726
6396.00           0.981125
6398.00           0.978011
6400.00           0.954121
6402.00           0.939533
6404.00           0.932321
6406.00           0.916012
6408.00           0.894417
6410.00           0.875527
6412.00           0.884501
6414.00           0.905112
6416.00           0.911914
6418.00           0.908431
6420.00           0.920807
6422.00           0.939328
6424.00           0.954408
6426.00           0.955514
6428.00           0.951622
6430.00           0.948425
6432.00           0.937033
6434.00           0.923511
6436.00           0.909825
6438.00           0.898228
6440.00           0.890320
6442.00           0.877903
6444.00           0.869339
6446.00           0.864012
6448.00           0.859423
6450.00           0.858316
6452.00           0.859013
6454.00           0.861103
6456.00           0.852415
6458.00           0.853809
6460.00           0.881837
6462.00           0.931215
6464.00           0.976003
6466.00           0.996410
6468.00           0.988829
6470.00           0.959940
6472.00           0.920233
6474.00           0.890606
6476.00           0.882616
6478.00           0.891508
6480.00           0.892041
6482.00           0.879502
6484.00           0.862004
6486.00           0.836639
6488.00           0.799924
6490.00           0.775911
6492.00           0.811110
6494.00           0.908513
6496.00           1.014317
6498.00           1.062629
6500.00           1.036731
6502.00           0.985838
6504.00           0.950802
6506.00           0.936419
6508.00           0.914127
6510.00           0.889910
6512.00           0.877330
6514.00           0.876428
6516.00           0.870241
6518.00           0.865118
6520.00           0.854915
6522.00           0.815413
6524.00           0.766814
6526.00           0.761118
6528.00           0.844712
6530.00           0.969201
6532.00           1.044230
6534.00           1.008703
6536.00           0.893434
6538.00           0.839713
6540.00           0.869831
6542.00           0.915520
6544.00           0.875936
6546.00           0.822338
6548.00           0.856718
6550.00           0.981412
6552.00           1.075004
6554.00           1.039108
6556.00           0.908227
6558.00           0.817913
6560.00           0.832828
6562.00           0.914004
6564.00           0.961005
6566.00           0.937320
6568.00           0.909210
6570.00           0.958137
6572.00           1.117211
6574.00           1.304641
6576.00           1.404707
6578.00           1.342708
6580.00           1.168022
6582.00           1.113727
6584.00           1.394135
6586.00           2.024775
6588.00           2.724789
6590.00           3.120261
6592.00           2.979463
6594.00           2.375868
6596.00           1.667330
6598.00           1.186708
6600.00           1.027511
6602.00           1.055130
6604.00           1.188511
6606.00           1.416918
6608.00           1.717527
6610.00           1.943886
6612.00           1.953188
6614.00           1.733508
6616.00           1.405527
6618.00           1.128233
6620.00           0.972602
6622.00           0.919413
6624.00           0.912611
6626.00           0.918922
6628.00           0.915930
6630.00           0.916914
6632.00           0.941213
6634.00           0.952113
6636.00           0.936337
6638.00           0.896835
6640.00           0.885525
6642.00           0.901015
6644.00           0.908308
6646.00           0.899826
6648.00           0.896917
6650.00           0.902039
6652.00           0.906424
6654.00           0.892532
6656.00           0.882206
6658.00           0.890401
6660.00           0.912734
6662.00           0.934411
6664.00           0.935804
6666.00           0.928223
6668.00           0.927117
6670.00           0.923019
6672.00           0.912119
6674.00           0.890729
6676.00           0.886017
6678.00           0.889131
6680.00           0.892409
6682.00           0.896015
6684.00           0.893106
6686.00           0.883230
6688.00           0.872904
6690.00           0.877002
6692.00           0.889541
6694.00           0.902326
6696.00           0.912201
6698.00           0.921913
6700.00           0.931133
6702.00           0.937607
6704.00           0.939902
6706.00           0.938427
6708.00           0.930723
6710.00           0.922405
6712.00           0.920929
6714.00           0.923716
6716.00           0.929412
6718.00           0.932731
6720.00           0.933509
6722.00           0.919536
6724.00           0.910111
6726.00           0.920315
6728.00           0.927937
6730.00           0.921831
6732.00           0.906424
6734.00           0.917323
6736.00           0.949327
6738.00           1.007023
6740.00           1.101639
6742.00           1.219941
6744.00           1.292921
6746.00           1.277637
6748.00           1.188511
6750.00           1.099303
6752.00           1.061440
6754.00           1.088813
6756.00           1.161015
6758.00           1.227726
6760.00           1.239118
6762.00           1.179537
6764.00           1.082708
6766.00           0.987108
6768.00           0.923429
6770.00           0.895401
6772.00           0.891303
6774.00           0.892819
6776.00           0.888639
6778.00           0.884624
6780.00           0.886140
6782.00           0.891508
6784.00           0.899335
6786.00           0.907202
6788.00           0.907940
6790.00           0.899416
6792.00           0.885935
6794.00           0.881632
6796.00           0.884009
6798.00           0.890401
6800.00           0.899703
6802.00           0.906628
6804.00           0.905522
6806.00           0.896712
6808.00           0.894130
6810.00           0.891713
6812.00           0.888639
6814.00           0.880403
6816.00           0.876100
6818.00           0.871839
6820.00           0.867536
6822.00           0.863316
6824.00           0.859013
6826.00           0.854710
6828.00           0.850408
6830.00           0.846105
6832.00           0.841802
6834.00           0.837541
6836.00           0.833238
6838.00           0.825125
6840.00           0.829140
6842.00           0.849711
6844.00           0.873519
6846.00           0.872331
6848.00           0.859218
6850.00           0.822502
6852.00           0.729033
6854.00           0.677033
6856.00           0.719731
6858.00           0.881427
6860.00           1.062916
6862.00           1.177734
6864.00           1.152410
6866.00           0.923511
6868.00           0.622328
6870.00           0.434939
6872.00           0.447601
6874.00           0.565616
6876.00           0.675107
6878.00           0.736614
6880.00           0.778411
6882.00           0.807218
6884.00           0.820740
6886.00           0.823813
6888.00           0.827624
6890.00           0.799022
6892.00           0.746612
6894.00           0.706700
6896.00           0.729238
6898.00           0.794433
6900.00           0.833402
6902.00           0.810332
6904.00           0.759028
6906.00           0.744604
6908.00           0.809226
6910.00           0.904825
6912.00           0.923634
6914.00           0.874912
6916.00           0.821805
6918.00           0.852211
6920.00           0.959612
6922.00           1.062137
6924.00           1.084716
6926.00           0.968012
6928.00           0.793121
6930.00           0.688302
6932.00           0.723501
6934.00           0.849014
6936.00           0.928838
6938.00           0.903924
6940.00           0.835000
6942.00           0.817339
6944.00           0.900031
6946.00           1.027511
6948.00           1.132823
6950.00           1.134134
6952.00           1.013907
6954.00           0.849137
6956.00           0.744113
6958.00           0.729525
6960.00           0.773002
6962.00           0.827133
6964.00           0.879706
6966.00           0.913431
6968.00           0.911628
6970.00           0.884419
6972.00           0.883026
6974.00           0.939328
6976.00           1.024028
6978.00           1.064022
6980.00           1.025340
6982.00           0.932321
6984.00           0.849629
6986.00           0.824838
6988.00           0.845408
6990.00           0.867823
6992.00           0.861103
6994.00           0.842909
6996.00           0.841720
6998.00           0.857415
7000.00           0.868028
7002.00           0.872412
7004.00           0.880034
7006.00           0.897531
7008.00           0.917201
7010.00           0.932936
7012.00           0.942729
7014.00           0.934001
7016.00           0.899335
7018.00           0.858931
7020.00           0.843400
7022.00           0.848318
7024.00           0.865323
7026.00           0.875527
7028.00           0.877412
7030.00           0.868028
7032.00           0.855817
7034.00           0.853030
7036.00           0.845531
7038.00           0.846720
7040.00           0.866717
7042.00           0.905727
7044.00           0.935108
7046.00           0.943631
7048.00           0.941623
7050.00           0.936337
7052.00           0.931706
7054.00           0.920438
7056.00           0.903924
7058.00           0.899416
7060.00           0.907817
7062.00           0.928223
7064.00           0.947729
7066.00           0.964406
7068.00           0.971700
7070.00           0.964529
7072.00           0.958301
7074.00           0.962235
7076.00           0.971209
7078.00           0.978626
7080.00           0.989935
7082.00           0.993213
7084.00           0.994811
7086.00           1.000139
7088.00           0.998213
7090.00           1.007228
7092.00           1.020340
7094.00           1.037223
7096.00           1.051114
7098.00           1.049516
7100.00           1.060211