3650.00           1.192744
3652.00           1.074553
3654.00           1.029766
3656.00           1.015070
3658.00           1.016772
3660.00           0.990317
3662.00           1.011125
3664.00           0.996351
3666.00           0.995964
3668.00           0.930448
3670.00           0.891231
3672.00           0.875220
3674.00           0.871352
3676.00           0.854567
3678.00           0.834146
3680.00           0.822621
3682.00           0.823704
3684.00           0.832367
3686.00           0.884502
3688.00           0.970825
3690.00           1.009423
3692.00           1.064420
3694.00           1.030617
3696.00           1.001533
3698.00           0.992329
3700.00           1.019711
3702.00           1.012130
3704.00           0.949631
3706.00           0.851550
3708.00           0.895640
3710.00           0.877308
3712.00           0.926967
3714.00           0.906701
3716.00           0.881717
3718.00           0.897961
3720.00           0.878004
3722.00           0.923332
3724.00           0.903530
3726.00           0.909950
3728.00           0.926735
3730.00           0.968118
3732.00           1.016539
3734.00           1.080973
3736.00           1.097912
3738.00           1.088166
3740.00           1.101703
3742.00           1.346131
3744.00           2.294838
3746.00           3.957571
3748.00           5.461734
3750.00           5.565926
3752.00           4.222188
3754.00           2.538339
3756.00           1.485904
3758.00           1.141616
3760.00           1.097216
3762.00           1.108742
3764.00           1.100542
3766.00           1.072077
3768.00           1.055911
3770.00           1.070530
3772.00           1.061403
3774.00           1.084221
3776.00           1.101471
3778.00           1.174103
3780.00           1.190656
3782.00           1.209143
3784.00           1.181219
3786.00           1.141152
3788.00           1.039049
3790.00           0.952029
3792.00           0.946769
3794.00           0.934702
3796.00           1.030540
3798.00           1.073702
3800.00           1.192977
3802.00           1.254548
3804.00           1.306141
3806.00           1.268316
3808.00           1.274272
3810.00           1.253929
3812.00           1.273112
3814.00           1.170545
3816.00           1.103250
3818.00           1.040750
3820.00           1.020871
3822.00           1.017158
3824.00           1.025125
3826.00           1.091260
3828.00           1.161031
3830.00           1.270559
3832.00           1.319523
3834.00           1.385116
3836.00           1.376375
3838.00           1.330352
3840.00           1.272261
3842.00           1.245807
3844.00           1.250216
3846.00           1.254470
3848.00           1.228403
3850.00           1.178744
3852.00           1.049027
3854.00           0.938106
3856.00           0.809162
3858.00           0.810554
3860.00           0.845130
3862.00           0.940813
3864.00           1.012440
3866.00           1.086000
3868.00           1.171473
3870.00           1.263056
3872.00           1.314804
3874.00           1.369955
3876.00           1.408012
3878.00           1.444753
3880.00           1.419228
3882.00           1.405459
3884.00           1.381713
3886.00           1.444521
3888.00           1.467340
3890.00           1.547939
3892.00           1.580427
3894.00           1.567741
3896.00           1.436477
3898.00           1.304749
3900.00           1.238149
3902.00           1.234437
3904.00           1.245652
3906.00           1.246813
3908.00           1.271952
3910.00           1.279609
3912.00           1.206436
3914.00           1.159020
3916.00           1.131869
3918.00           1.142621
3920.00           1.170313
3922.00           1.219663
3924.00           1.326948
3926.00           1.352242
3928.00           1.392464
3930.00           1.386044
3932.00           1.416830
3934.00           1.429129
3936.00           1.433924
3938.00           1.436013
3940.00           1.435858
3942.00           1.475075
3944.00           1.514911
3946.00           1.462003
3948.00           1.372817
3950.00           1.252923
3952.00           1.199165
3954.00           1.121040
3956.00           1.072309
3958.00           1.049646
3960.00           1.138676
3962.00           1.211928
3964.00           1.281543
3966.00           1.268239
3968.00           1.324705
3970.00           1.339015
3972.00           1.416211
3974.00           1.498435
3976.00           1.583907
3978.00           1.615234
3980.00           1.489075
3982.00           1.358121
3984.00           1.193054
3986.00           1.085536
3988.00           1.007721
3990.00           0.965643
3992.00           0.983124
3994.00           1.017777
3996.00           1.033634
3998.00           1.092807
4000.00           1.165826
4002.00           1.295234
4004.00           1.357811
4006.00           1.415051
4008.00           1.468113
4010.00           1.507872
4012.00           1.521176
4014.00           1.524425
4016.00           1.518159
4018.00           1.495960
4020.00           1.494026
4022.00           1.506634
4024.00           1.529220
4026.00           1.550260
4028.00           1.522646
4030.00           1.524657
4032.00           1.533475
4034.00           1.564260
4036.00           1.586460
4038.00           1.569443
4040.00           1.564415
4042.00           1.529762
4044.00           1.487219
4046.00           1.515065
4048.00           1.539044
4050.00           1.536337
4052.00           1.481108
4054.00           1.451251
4056.00           1.438720
4058.00           1.485053
4060.00           1.556912
4062.00           1.559851
4064.00           1.502148
4066.00           1.460301
4068.00           1.538812
4070.00           1.595665
4072.00           1.602704
4074.00           1.526436
4076.00           1.478169
4078.00           1.450555
4080.00           1.453958
4082.00           1.464168
4084.00           1.474147
4086.00           1.479639
4088.00           1.487451
4090.00           1.468732
4092.00           1.464633
4094.00           1.455969
4096.00           1.433460
4098.00           1.406852
4100.00           1.383801
4102.00           1.396022
4104.00           1.401128
4106.00           1.373436
4108.00           1.368176
4110.00           1.411260
4112.00           1.435858
4114.00           1.372353
4116.00           1.290052
4118.00           1.250371
4120.00           1.303820
4122.00           1.357502
4124.00           1.395868
4126.00           1.356651
4128.00           1.249443
4130.00           1.167528
4132.00           1.149737
4134.00           1.199861
4136.00           1.270637
4138.00           1.358430
4140.00           1.361524
4142.00           1.352629
4144.00           1.329965
4146.00           1.377071
4148.00           1.401746
4150.00           1.424952
4152.00           1.439648
4154.00           1.477163
4156.00           1.464633
4158.00           1.452643
4160.00           1.466644
4162.00           1.479716
4164.00           1.498976
4166.00           1.496965
4168.00           1.498512
4170.00           1.486832
4172.00           1.474533
4174.00           1.489462
4176.00           1.487374
4178.00           1.480721
4180.00           1.464246
4182.00           1.466721
4184.00           1.472058
4186.00           1.474843
4188.00           1.501916
4190.00           1.523264
4192.00           1.550801
4194.00           1.492247
4196.00           1.446532
4198.00           1.404067
4200.00           1.419305
4202.00           1.430676
4204.00           1.425261
4206.00           1.453107
4208.00           1.477550
4210.00           1.482114
4212.00           1.513441
4214.00           1.512977
4216.00           1.520557
4218.00           1.443516
4220.00           1.381867
4222.00           1.379624
4224.00           1.419769
4226.00           1.457052
4228.00           1.495960
4230.00           1.506711
4232.00           1.481804
4234.00           1.444831
4236.00           1.435162
4238.00           1.424874
4240.00           1.415360
4242.00           1.403061
4244.00           1.411802
4246.00           1.419769
4248.00           1.412575
4250.00           1.423946
4252.00           1.448234
4254.00           1.457439
4256.00           1.494877
4258.00           1.458058
4260.00           1.472213
4262.00           1.419614
4264.00           1.416443
4266.00           1.438720
4268.00           1.465948
4270.00           1.441659
4272.00           1.388442
4274.00           1.391768
4276.00           1.439029
4278.00           1.448312
4280.00           1.395868
4282.00           1.317511
4284.00           1.286958
4286.00           1.352551
4288.00           1.427659
4290.00           1.461848
4292.00           1.414045
4294.00           1.386122
4296.00           1.381713
4298.00           1.411725
4300.00           1.390144
4302.00           1.363612
4304.00           1.310859
4306.00           1.312870
4308.00           1.355413
4310.00           1.341722
4312.00           1.322307
4314.00           1.293765
4316.00           1.343501
4318.00           1.382563
4320.00           1.358662
4322.00           1.287345
4324.00           1.194214
4326.00           1.154224
4328.00           1.197308
4330.00           1.271256
4332.00           1.266228
4334.00           1.209530
4336.00           1.194833
4338.00           1.235752
4340.00           1.308152
4342.00           1.367248
4344.00           1.380707
4346.00           1.371734
4348.00           1.301345
4350.00           1.249365
4352.00           1.202336
4354.00           1.172324
4356.00           1.215408
4358.00           1.255940
4360.00           1.350850
4362.00           1.542834
4364.00           1.691734
4366.00           1.606107
4368.00           1.337004
4370.00           1.137748
4372.00           1.137516
4374.00           1.182612
4376.00           1.205275
4378.00           1.255321
4380.00           1.291754
4382.00           1.310859
4384.00           1.320837
4386.00           1.379856
4388.00           1.416366
4390.00           1.399813
4392.00           1.370419
4394.00           1.334451
4396.00           1.328805
4398.00           1.292604
4400.00           1.313257
4402.00           1.360364
4404.00           1.371425
4406.00           1.327722
4408.00           1.271101
4410.00           1.271565
4412.00           1.342341
4414.00           1.385503
4416.00           1.401360
4418.00           1.384961
4420.00           1.364231
4422.00           1.321147
4424.00           1.275510
4426.00           1.289820
4428.00           1.305135
4430.00           1.330042
4432.00           1.323854
4434.00           1.353402
4436.00           1.386818
4438.00           1.377922
4440.00           1.375757
4442.00           1.363845
4444.00           1.362607
4446.00           1.324860
4448.00           1.280770
4450.00           1.282471
4452.00           1.298019
4454.00           1.326948
4456.00           1.289124
4458.00           1.300572
4460.00           1.313102
4462.00           1.344043
4464.00           1.343114
4466.00           1.325401
4468.00           1.321920
4470.00           1.349921
4472.00           1.397105
4474.00           1.395558
4476.00           1.353247
4478.00           1.290825
4480.00           1.264913
4482.00           1.260272
4484.00           1.292604
4486.00           1.329346
4488.00           1.320915
4490.00           1.310859
4492.00           1.339402
4494.00           1.384575
4496.00           1.399116
4498.00           1.391845
4500.00           1.367712
4502.00           1.347523
4504.00           1.305135
4506.00           1.294461
4508.00           1.313257
4510.00           1.349303
4512.00           1.350463
4514.00           1.307224
4516.00           1.290052
4518.00           1.292604
4520.00           1.337004
4522.00           1.353634
4524.00           1.399426
4526.00           1.412730
4528.00           1.393857
4530.00           1.367171
4532.00           1.371425
4534.00           1.392155
4536.00           1.374364
4538.00           1.322152
4540.00           1.296627
4542.00           1.289124
4544.00           1.306450
4546.00           1.306141
4548.00           1.292527
4550.00           1.292450
4552.00           1.276206
4554.00           1.289201
4556.00           1.255631
4558.00           1.256172
4560.00           1.266537
4562.00           1.309235
4564.00           1.352010
4566.00           1.339324
4568.00           1.301654
4570.00           1.269554
4572.00           1.275742
4574.00           1.287809
4576.00           1.261355
4578.00           1.230569
4580.00           1.218812
4582.00           1.248514
4584.00           1.287422
4586.00           1.305367
4588.00           1.289665
4590.00           1.262206
4592.00           1.266847
4594.00           1.286416
4596.00           1.281234
4598.00           1.283168
4600.00           1.297555
4602.00           1.319523
4604.00           1.295002
4606.00           1.259576
4608.00           1.220900
4610.00           1.184932
4612.00           1.208447
4614.00           1.256868
4616.00           1.316119
4618.00           1.301964
4620.00           1.299025
4622.00           1.281543
4624.00           1.281930
4626.00           1.280615
4628.00           1.284869
4630.00           1.282007
4632.00           1.299102
4634.00           1.299875
4636.00           1.319909
4638.00           1.326175
4640.00           1.349457
4642.00           1.346054
4644.00           1.339247
4646.00           1.302505
4648.00           1.300804
4650.00           1.298019
4652.00           1.314417
4654.00           1.313876
4656.00           1.334064
4658.00           1.347446
4660.00           1.339634
4662.00           1.278062
4664.00           1.248360
4666.00           1.254548
4668.00           1.266460
4670.00           1.284869
4672.00           1.282471
4674.00           1.297942
4676.00           1.311401
4678.00           1.314417
4680.00           1.316351
4682.00           1.317357
4684.00           1.320760
4686.00           1.333910
4688.00           1.320837
4690.00           1.290129
4692.00           1.250526
4694.00           1.226315
4696.00           1.244260
4698.00           1.279300
4700.00           1.318130
4702.00           1.313644
4704.00           1.282471
4706.00           1.243641
4708.00           1.246503
4710.00           1.249056
4712.00           1.271642
4714.00           1.264835
4716.00           1.250371
4718.00           1.228713
4720.00           1.232503
4722.00           1.240238
4724.00           1.268548
4726.00           1.265222
4728.00           1.275200
4730.00           1.254238
4732.00           1.247277
4734.00           1.251608
4736.00           1.261664
4738.00           1.266073
4740.00           1.262902
4742.00           1.260968
4744.00           1.271410
4746.00           1.286571
4748.00           1.292914
4750.00           1.277521
4752.00           1.214016
4754.00           1.183308
4756.00           1.173020
4758.00           1.203110
4760.00           1.211541
4762.00           1.221674
4764.00           1.230414
4766.00           1.247277
4768.00           1.252537
4770.00           1.251841
4772.00           1.231343
4774.00           1.227862
4776.00           1.203806
4778.00           1.192667
4780.00           1.199861
4782.00           1.245730
4784.00           1.270405
4786.00           1.242017
4788.00           1.222525
4790.00           1.201021
4792.00           1.192435
4794.00           1.149119
4796.00           1.158169
4798.00           1.205971
4800.00           1.250912
4802.00           1.239310
4804.00           1.196921
4806.00           1.169849
4808.00           1.165904
4810.00           1.165208
4812.00           1.169771
4814.00           1.178357
4816.00           1.183463
4818.00           1.199242
4820.00           1.211077
4822.00           1.224149
4824.00           1.215022
4826.00           1.224226
4828.00           1.234514
4830.00           1.221674
4832.00           1.200866
4834.00           1.176810
4836.00           1.172711
4838.00           1.184623
4840.00           1.207751
4842.00           1.193905
4844.00           1.174567
4846.00           1.156854
4848.00           1.190811
4850.00           1.185474
4852.00           1.178048
4854.00           1.160567
4856.00           1.158942
4858.00           1.132102
4860.00           1.100001
4862.00           1.091028
4864.00           1.110675
4866.00           1.128621
4868.00           1.137903
4870.00           1.119648
4872.00           1.096907
4874.00           1.065425
4876.00           1.048176
4878.00           1.020871
4880.00           0.986063
4882.00           1.046165
4884.00           1.431913
4886.00           2.104246
4888.00           2.447529
4890.00           2.135960
4892.00           1.479407
4894.00           1.067900
4896.00           0.995423
4898.00           0.999832
4900.00           0.994572
4902.00           1.020175
4904.00           1.027833
4906.00           1.060939
4908.00           1.096443
4910.00           1.110830
4912.00           1.110057
4914.00           1.077105
4916.00           1.083525
4918.00           1.082829
4920.00           1.112764
4922.00           1.125063
4924.00           1.138212
4926.00           1.127770
4928.00           1.121504
4930.00           1.134345
4932.00           1.144014
4934.00           1.133030
4936.00           1.124212
4938.00           1.112222
4940.00           1.101935
4942.00           1.080663
4944.00           1.095824
4946.00           1.110057
4948.00           1.094741
4950.00           1.067746
4952.00           1.052121
4954.00           1.076641
4956.00           1.101239
4958.00           1.124521
4960.00           1.117018
4962.00           1.082056
4964.00           1.060243
4966.00           1.060552
4968.00           1.094432
4970.00           1.123516
4972.00           1.149505
4974.00           1.164666
4976.00           1.161804
4978.00           1.148732
4980.00           1.162114
4982.00           1.325943
4984.00           1.626450
4986.00           1.805208
4988.00           1.696608
4990.00           1.388210
4992.00           1.148423
4994.00           1.078343
4996.00           1.064265
4998.00           1.068365
5000.00           1.073470
5002.00           1.078575
5004.00           1.078961
5006.00           1.073934
5008.00           1.074166
5010.00           1.086929
5012.00           1.083835
5014.00           1.070917
5016.00           1.046706
5018.00           1.035104
5020.00           1.048021
5022.00           1.084763
5024.00           1.112532
5026.00           1.126842
5028.00           1.149351
5030.00           1.622815
5032.00           2.513122
5034.00           3.141133
5036.00           2.817343
5038.00           1.894239
5040.00           1.209066
5042.00           1.044927
5044.00           1.044927
5046.00           1.042839
5048.00           1.026672
5050.00           1.029921
5052.00           1.040441
5054.00           1.033402
5056.00           1.035722
5058.00           1.037269
5060.00           1.039822
5062.00           1.053204
5064.00           1.046938
5066.00           1.035877
5068.00           1.022109
5070.00           1.029844
5072.00           1.057613
5074.00           1.048872
5076.00           1.047557
5078.00           1.070066
5080.00           1.122201
5082.00           1.136665
5084.00           1.119571
5086.00           1.100310
5088.00           1.079812
5090.00           1.036651
5092.00           1.002230
5094.00           1.021335
5096.00           1.049027
5098.00           1.042143
5100.00           0.999522
5102.00           0.981035
5104.00           1.000915
5106.00           1.024739
5108.00           1.028916
5110.00           1.025203
5112.00           1.044850
5114.00           1.084067
5116.00           1.094818
5118.00           1.048408
5120.00           1.010506
5122.00           1.017468
5124.00           1.053049
5126.00           1.065735
5128.00           1.043303
5130.00           1.025125
5132.00           1.018241
5134.00           1.012208
5136.00           1.021567
5138.00           1.043071
5140.00           1.052276
5142.00           1.048021
5144.00           1.022650
5146.00           1.002848
5148.00           1.004937
5150.00           1.021954
5152.00           1.040209
5154.00           1.012904
5156.00           0.957366
5158.00           0.922249
5160.00           0.928514
5162.00           0.945145
5164.00           0.949476
5166.00           0.951642
5168.00           0.977400
5170.00           0.987069
5172.00           0.971444
5174.00           0.956206
5176.00           0.987069
5178.00           1.002771
5180.00           0.976549
5182.00           0.934161
5184.00           0.936945
5186.00           0.976162
5188.00           1.014219
5190.00           1.035026
5192.00           1.020330
5194.00           0.986837
5196.00           0.955664
5198.00           0.950018
5200.00           0.969510
5202.00           1.005556
5204.00           1.040673
5206.00           1.027059
5208.00           0.955046
5210.00           0.890535
5212.00           0.910724
5214.00           0.973146
5216.00           1.018319
5218.00           1.012904
5220.00           1.011357
5222.00           1.023346
5224.00           1.036032
5226.00           1.039358
5228.00           1.035336
5230.00           1.034407
5232.00           1.023114
5234.00           0.989776
5236.00           0.970825
5238.00           0.958140
5240.00           0.959609
5242.00           0.970516
5244.00           0.992406
5246.00           1.027755
5248.00           1.038739
5250.00           1.024352
5252.00           0.992561
5254.00           0.968273
5256.00           0.983433
5258.00           0.990936
5260.00           0.967112
5262.00           0.931067
5264.00           0.941509
5266.00           0.975002
5268.00           0.999445
5270.00           1.002462
5272.00           1.004241
5274.00           0.997434
5276.00           0.984516
5278.00           0.992329
5280.00           1.042065
5282.00           1.098841
5284.00           1.115162
5286.00           1.082829
5288.00           1.035104
5290.00           0.997975
5292.00           0.974847
5294.00           0.968659
5296.00           0.970438
5298.00           0.972604
5300.00           0.972836
5302.00           0.993412
5304.00           1.020407
5306.00           1.033557
5308.00           1.024739
5310.00           1.004627
5312.00           0.997202
5314.00           1.009036
5316.00           1.040518
5318.00           1.060320
5320.00           1.037347
5322.00           0.984362
5324.00           0.960615
5326.00           0.979720
5328.00           1.016849
5330.00           1.028529
5332.00           1.038971
5334.00           1.038352
5336.00           1.010506
5338.00           0.974770
5340.00           0.964869
5342.00           0.988306
5344.00           0.998130
5346.00           1.004241
5348.00           1.008727
5350.00           1.005401
5352.00           0.979024
5354.00           0.946846
5356.00           0.954040
5358.00           1.005865
5360.00           1.046319
5362.00           1.043148
5364.00           1.005169
5366.00           0.981732
5368.00           0.951101
5370.00           0.953963
5372.00           0.985444
5374.00           1.000373
5376.00           1.010274
5378.00           1.009036
5380.00           1.028374
5382.00           1.024661
5384.00           1.029148
5386.00           1.061403
5388.00           1.069370
5390.00           1.047248
5392.00           1.033325
5394.00           1.042529
5396.00           1.022650
5398.00           0.974770
5400.00           0.965565
5402.00           1.031004
5404.00           1.068829
5406.00           1.047944
5408.00           0.999754
5410.00           1.010429
5412.00           1.056607
5414.00           1.074862
5416.00           1.045855
5418.00           0.996274
5420.00           0.980262
5422.00           0.993025
5424.00           0.993412
5426.00           0.980803
5428.00           0.976317
5430.00           1.005633
5432.00           1.044463
5434.00           1.042529
5436.00           1.009655
5438.00           0.979411
5440.00           1.000915
5442.00           1.043458
5444.00           1.058773
5446.00           1.044308
5448.00           1.035336
5450.00           1.047557
5452.00           1.050032
5454.00           1.005865
5456.00           0.975234
5458.00           0.979643
5460.00           1.010429
5462.00           1.009810
5464.00           0.981422
5466.00           0.967035
5468.00           0.980803
5470.00           1.011125
5472.00           1.025357
5474.00           1.009733
5476.00           0.989621
5478.00           0.977168
5480.00           0.982118
5482.00           1.002152
5484.00           1.030463
5486.00           1.048949
5488.00           1.046319
5490.00           1.034407
5492.00           1.032474
5494.00           1.020020
5496.00           1.002771
5498.00           0.996660
5500.00           1.004859
5502.00           1.008727
5504.00           0.983047
5506.00           0.962239
5508.00           0.978947
5510.00           1.001843
5512.00           0.999909
5514.00           0.987610
5516.00           0.974151
5518.00           0.974461
5520.00           0.968505
5522.00           0.979334
5524.00           0.998207
5526.00           1.002307
5528.00           0.998671
5530.00           1.002616
5532.00           1.006561
5534.00           0.988848
5536.00           0.954117
5538.00           0.940504
5540.00           0.960228
5542.00           0.992019
5544.00           1.020175
5546.00           1.036109
5548.00           1.040673
5550.00           1.015457
5552.00           0.967344
5554.00           0.932150
5556.00           0.932769
5558.00           0.954040
5560.00           0.974538
5562.00           0.971135
5564.00           0.961234
5566.00           0.950404
5568.00           0.947775
5570.00           0.951255
5572.00           0.954813
5574.00           0.958372
5576.00           0.961930
5578.00           0.965565
5580.00           0.969046
5582.00           0.972604
5584.00           0.976240
5586.00           0.979720
5588.00           0.983356
5590.00           0.958140
5592.00           0.946073
5594.00           0.944062
5596.00           0.968273
5598.00           0.983433
5600.00           0.998362
5602.00           1.009810
5604.00           1.011976
5606.00           0.997047
5608.00           0.981035
5610.00           0.981345
5612.00           0.987610
5614.00           0.985058
5616.00           0.958758
5618.00           0.936636
5620.00           0.942824
5622.00           0.969433
5624.00           0.987301
5626.00           0.989621
5628.00           0.987069
5630.00           0.993721
5632.00           0.998904
5634.00           1.008727
5636.00           1.017158
5638.00           1.007567
5640.00           0.979953
5642.00           0.950946
5644.00           0.946846
5646.00           0.951642
5648.00           0.964637
5650.00           0.975002
5652.00           0.969974
5654.00           0.953731
5656.00           0.941819
5658.00           0.944758
5660.00           0.944062
5662.00           0.961543
5664.00           0.977709
5666.00           0.971367
5668.00           0.946614
5670.00           0.943752
5672.00           0.978638
5674.00           1.002771
5676.00           1.000837
5678.00           0.994417
5680.00           0.996738
5682.00           0.991555
5684.00           0.986527
5686.00           0.975311
5688.00           0.962471
5690.00           0.943675
5692.00           0.913818
5694.00           0.889529
5696.00           0.876844
5698.00           0.894635
5700.00           0.934238
5702.00           0.961930
5704.00           0.964637
5706.00           0.956902
5708.00           0.952416
5710.00           0.957676
5712.00           0.963322
5714.00           0.959223
5716.00           0.951101
5718.00           0.943520
5720.00           0.929520
5722.00           0.923951
5724.00           0.936327
5726.00           0.971444
5728.00           0.988306
5730.00           0.971135
5732.00           0.946769
5734.00           0.947465
5736.00           0.943366
5738.00           0.920624
5740.00           0.900513
5742.00           0.918227
5744.00           0.959919
5746.00           0.987069
5748.00           0.995268
5750.00           0.979334
5752.00           0.961930
5754.00           0.955742
5756.00           0.958449
5758.00           0.965024
5760.00           0.965720
5762.00           0.970516
5764.00           0.964947
5766.00           0.954272
5768.00           0.947542
5770.00           0.940736
5772.00           0.940040
5774.00           0.941973
5776.00           0.947001
5778.00           0.946614
5780.00           0.946305
5782.00           0.955510
5784.00           0.962935
5786.00           0.949708
5788.00           0.930448
5790.00           0.924956
5792.00           0.941354
5794.00           0.943675
5796.00           0.929210
5798.00           0.926039
5800.00           0.948239
5802.00           0.974615
5804.00           0.981345
5806.00           0.973919
5808.00           0.959068
5810.00           0.950404
5812.00           0.944449
5814.00           0.927741
5816.00           0.904922
5818.00           0.898115
5820.00           0.922249
5822.00           0.942437
5824.00           0.956438
5826.00           0.964250
5828.00           0.975544
5830.00           0.993566
5832.00           0.993953
5834.00           0.986373
5836.00           0.982737
5838.00           0.985367
5840.00           0.989544
5842.00           0.970438
5844.00           0.951874
5846.00           0.951255
5848.00           0.961930
5850.00           0.973532
5852.00           0.973455
5854.00           0.960460
5856.00           0.952106
5858.00           0.960306
5860.00           0.973610
5862.00           0.975621
5864.00           0.961311
5866.00           0.958604
5868.00           0.978328
5870.00           0.999832
5872.00           0.995809
5874.00           0.981422
5876.00           0.947465
5878.00           0.931067
5880.00           0.963631
5882.00           0.950559
5884.00           0.927973
5886.00           0.914823
5888.00           0.925420
5890.00           0.936172
5892.00           0.914359
5894.00           0.951333
5896.00           0.982041
5898.00           0.969123
5900.00           0.947311
5902.00           0.966958
5904.00           1.025048
5906.00           1.072928
5908.00           1.065425
5910.00           1.012053
5912.00           0.955123
5914.00           0.916525
5916.00           0.884347
5918.00           0.856733
5920.00           0.840334
5922.00           0.833450
5924.00           0.816433
5926.00           0.821770
5928.00           0.852633
5930.00           0.894635
5932.00           0.915751
5934.00           0.919619
5936.00           0.928360
5938.00           0.934238
5940.00           0.925033
5942.00           0.912812
5944.00           0.903453
5946.00           0.900668
5948.00           0.909873
5950.00           0.911420
5952.00           0.900359
5954.00           0.879706
5956.00           0.887364
5958.00           0.917453
5960.00           0.913044
5962.00           0.869960
5964.00           0.840025
5966.00           0.858434
5968.00           0.879938
5970.00           0.889143
5972.00           0.893320
5974.00           0.909563
5976.00           0.908016
5978.00           0.890845
5980.00           0.882104
5982.00           0.897110
5984.00           0.903066
5986.00           0.886358
5988.00           0.861761
5990.00           0.861219
5992.00           0.865551
5994.00           0.870114
5996.00           0.884966
5998.00           0.920160
6000.00           0.929520
6002.00           0.901209
6004.00           0.877463
6006.00           0.891077
6008.00           0.912657
6010.00           0.904768
6012.00           0.888060
6014.00           0.867639
6016.00           0.857120
6018.00           0.859363
6020.00           0.889143
6022.00           0.900204
6024.00           0.878004
6026.00           0.859131
6028.00           0.870965
6030.00           0.888369
6032.00           0.873518
6034.00           0.850003
6036.00           0.847064
6038.00           0.863926
6040.00           0.878004
6042.00           0.882413
6044.00           0.884424
6046.00           0.887441
6048.00           0.881949
6050.00           0.865628
6052.00           0.845517
6054.00           0.842036
6056.00           0.870037
6058.00           0.909022
6060.00           0.928437
6062.00           0.908867
6064.00           0.875761
6066.00           0.869960
6068.00           0.882258
6070.00           0.879629
6072.00           0.869573
6074.00           0.870811
6076.00           0.896568
6078.00           0.903066
6080.00           0.884424
6082.00           0.863075
6084.00           0.856423
6086.00           0.856269
6088.00           0.854025
6090.00           0.849926
6092.00           0.857429
6094.00           0.874910
6096.00           0.903453
6098.00           0.924956
6100.00           0.917376
6102.00           0.910337
6104.00           0.907320
6106.00           0.905232
6108.00           0.878004
6110.00           0.837008
6112.00           0.822776
6114.00           0.839406
6116.00           0.863308
6118.00           0.866634
6120.00           0.845672
6122.00           0.844666
6124.00           0.875529
6126.00           0.903221
6128.00           0.893242
6130.00           0.866943
6132.00           0.849307
6134.00           0.854335
6136.00           0.861142
6138.00           0.856965
6140.00           0.855727
6142.00           0.866634
6144.00           0.890845
6146.00           0.898502
6148.00           0.886358
6150.00           0.872126
6152.00           0.858666
6154.00           0.851241
6156.00           0.852401
6158.00           0.871507
6160.00           0.888756
6162.00           0.894712
6164.00           0.891541
6166.00           0.881872
6168.00           0.866170
6170.00           0.849926
6172.00           0.842964
6174.00           0.844821
6176.00           0.840566
6178.00           0.825174
6180.00           0.810477
6182.00           0.817361
6184.00           0.838169
6186.00           0.858512
6188.00           0.871971
6190.00           0.858821
6192.00           0.822544
6194.00           0.785957
6196.00           0.797946
6198.00           0.822234
6200.00           0.831362
6202.00           0.831052
6204.00           0.844434
6206.00           0.848843
6208.00           0.815659
6210.00           0.781006
6212.00           0.770951
6214.00           0.785570
6216.00           0.804366
6218.00           0.827107
6220.00           0.832754
6222.00           0.825870
6224.00           0.827030
6226.00           0.845130
6228.00           0.858744
6230.00           0.845904
6232.00           0.832367
6234.00           0.829118
6236.00           0.843351
6238.00           0.860600
6240.00           0.862147
6242.00           0.854335
6244.00           0.843274
6246.00           0.841804
6248.00           0.839406
6250.00           0.836467
6252.00           0.838323
6254.00           0.833837
6256.00           0.827649
6258.00           0.821848
6260.00           0.820146
6262.00           0.815737
6264.00           0.800654
6266.00           0.785725
6268.00           0.780001
6270.00           0.781316
6272.00           0.771570
6274.00           0.742718
6276.00           0.724772
6278.00           0.734828
6280.00           0.757646
6282.00           0.762752
6284.00           0.747668
6286.00           0.741171
6288.00           0.745502
6290.00           0.757956
6292.00           0.760663
6294.00           0.763216
6296.00           0.765923
6298.00           0.768553
6300.00           0.790752
6302.00           0.828654
6304.00           0.890612
6306.00           0.890612
6308.00           0.843119
6310.00           0.769249
6312.00           0.748364
6314.00           0.758652
6316.00           0.776056
6318.00           0.791217
6320.00           0.808002
6322.00           0.819604
6324.00           0.829428
6326.00           0.850622
6328.00           0.882104
6330.00           0.911729
6332.00           0.919928
6334.00           0.897033
6336.00           0.852633
6338.00           0.813648
6340.00           0.803438
6342.00           0.818676
6344.00           0.834301
6346.00           0.824632
6348.00           0.785957
6350.00           0.745038
6352.00           0.731270
6354.00           0.751613
6356.00           0.782476
6358.00           0.793305
6360.00           0.780929
6362.00           0.776211
6364.00           0.813107
6366.00           0.851937
6368.00           0.849616
6370.00           0.806532
6372.00           0.798410
6374.00           0.825019
6376.00           0.844357
6378.00           0.819140
6380.00           0.786653
6382.00           0.764531
6384.00           0.754939
6386.00           0.756177
6388.00           0.764917
6390.00           0.791062
6392.00           0.823317
6394.00           0.846058
6396.00           0.853948
6398.00           0.841340
6400.00           0.827804
6402.00           0.826953
6404.00           0.830434
6406.00           0.835616
6408.00           0.828654
6410.00           0.809858
6412.00           0.793847
6414.00           0.786576
6416.00           0.794775
6418.00           0.802665
6420.00           0.802046
6422.00           0.803902
6424.00           0.812875
6426.00           0.827649
6428.00           0.832058
6430.00           0.817903
6432.00           0.796709
6434.00           0.779073
6436.00           0.779150
6438.00           0.794233
6440.00           0.805140
6442.00           0.805140
6444.00           0.795007
6446.00           0.796631
6448.00           0.808002
6450.00           0.808543
6452.00           0.790675
6454.00           0.778763
6456.00           0.781470
6458.00           0.794233
6460.00           0.806764
6462.00           0.806919
6464.00           0.800963
6466.00           0.788741
6468.00           0.767315
6470.00           0.758729
6472.00           0.767702
6474.00           0.791603
6476.00           0.793615
6478.00           0.774741
6480.00           0.766464
6482.00           0.769945
6484.00           0.776365
6486.00           0.774122
6488.00           0.774045
6490.00           0.779305
6492.00           0.781470
6494.00           0.777912
6496.00           0.768553
6498.00           0.768940
6500.00           0.775824
6502.00           0.775437
6504.00           0.770564
6506.00           0.771956
6508.00           0.779073
6510.00           0.776520
6512.00           0.774045
6514.00           0.781238
6516.00           0.796012
6518.00           0.801118
6520.00           0.806068
6522.00           0.805604
6524.00           0.790366
6526.00           0.756409
6528.00           0.730960
6530.00           0.740243
6532.00           0.769636
6534.00           0.775360
6536.00           0.759116
6538.00           0.746121
6540.00           0.763061
6542.00           0.780774
6544.00           0.773813
6546.00           0.760276
6548.00           0.781548
6550.00           0.810013
6552.00           0.821538
6554.00           0.809549
6556.00           0.800421
6558.00           0.783714
6560.00           0.749834
6562.00           0.738541
6564.00           0.756718
6566.00           0.782863
6568.00           0.784255
6570.00           0.781161
6572.00           0.775901
6574.00           0.782940
6576.00           0.821925
6578.00           0.900359
6580.00           0.975157
6582.00           0.992561
6584.00           0.949322
6586.00           0.881330
6588.00           0.948007
6590.00           1.376375
6592.00           2.321447
6594.00           3.501588
6596.00           4.312766
6598.00           4.226674
6600.00           3.324455
6602.00           2.135651
6604.00           1.237763
6606.00           0.831207
6608.00           0.751304
6610.00           0.826334
6612.00           0.980262
6614.00           1.212546
6616.00           1.419305
6618.00           1.469042
6620.00           1.339556
6622.00           1.116631
6624.00           0.906933
6626.00           0.782940
6628.00           0.740707
6630.00           0.739469
6632.00           0.746740
6634.00           0.748055
6636.00           0.749447
6638.00           0.749370
6640.00           0.747204
6642.00           0.749138
6644.00           0.750143
6646.00           0.749370
6648.00           0.746121
6650.00           0.747823
6652.00           0.756873
6654.00           0.765614
6656.00           0.769326
6658.00           0.766774
6660.00           0.763525
6662.00           0.768940
6664.00           0.779150
6666.00           0.776752
6668.00           0.754707
6670.00           0.725700
6672.00           0.722065
6674.00           0.744806
6676.00           0.769636
6678.00           0.772034
6680.00           0.758652
6682.00           0.747514
6684.00           0.749757
6686.00           0.758807
6688.00           0.762829
6690.00           0.757260
6692.00           0.742408
6694.00           0.725159
6696.00           0.722529
6698.00           0.728717
6700.00           0.735215
6702.00           0.741171
6704.00           0.754243
6706.00           0.766464
6708.00           0.754011
6710.00           0.742872
6712.00           0.743801
6714.00           0.754630
6716.00           0.749911
6718.00           0.737767
6720.00           0.738154
6722.00           0.752154
6724.00           0.763448
6726.00           0.753702
6728.00           0.733745
6730.00           0.730032
6732.00           0.731270
6734.00           0.729104
6736.00           0.722529
6738.00           0.732507
6740.00           0.734518
6742.00           0.742950
6744.00           0.812411
6746.00           0.998130
6748.00           1.247045
6750.00           1.435162
6752.00           1.458522
6754.00           1.317125
6756.00           1.110366
6758.00           0.964405
6760.00           0.952338
6762.00           1.057303
6764.00           1.186170
6766.00           1.242172
6768.00           1.187021
6770.00           1.045237
6772.00           0.884811
6774.00           0.765304
6776.00           0.722607
6778.00           0.726706
6780.00           0.731811
6782.00           0.723148
6784.00           0.713943
6786.00           0.713943
6788.00           0.715413
6790.00           0.719048
6792.00           0.714871
6794.00           0.709302
6796.00           0.713634
6798.00           0.724076
6800.00           0.732507
6802.00           0.728563
6804.00           0.725314
6806.00           0.726938
6808.00           0.724927
6810.00           0.720518
6812.00           0.725004
6814.00           0.730960
6816.00           0.728717
6818.00           0.703733
6820.00           0.665831
6822.00           0.644560
6824.00           0.652449
6826.00           0.684937
6828.00           0.715258
6830.00           0.736066
6832.00           0.754320
6834.00           0.757956
6836.00           0.742022
6838.00           0.719048
6840.00           0.716341
6842.00           0.727016
6844.00           0.728253
6846.00           0.711855
6848.00           0.695921
6850.00           0.690738
6852.00           0.682461
6854.00           0.655930
6856.00           0.632338
6858.00           0.644869
6860.00           0.698628
6862.00           0.752851
6864.00           0.755713
6866.00           0.681611
6868.00           0.570303
6870.00           0.500610
6872.00           0.496974
6874.00           0.535804
6876.00           0.566203
6878.00           0.585232
6880.00           0.605730
6882.00           0.622747
6884.00           0.623830
6886.00           0.609442
6888.00           0.588944
6890.00           0.578347
6892.00           0.573474
6894.00           0.572237
6896.00           0.589718
6898.00           0.625531
6900.00           0.653532
6902.00           0.653532
6904.00           0.628007
6906.00           0.609055
6908.00           0.595751
6910.00           0.602403
6912.00           0.618724
6914.00           0.621432
6916.00           0.626459
6918.00           0.639068
6920.00           0.674417
6922.00           0.707446
6924.00           0.717424
6926.00           0.705667
6928.00           0.666063
6930.00           0.625144
6932.00           0.601243
6934.00           0.602868
6936.00           0.634736
6938.00           0.663975
6940.00           0.669931
6942.00           0.650206
6944.00           0.635355
6946.00           0.638913
6948.00           0.656162
6950.00           0.678052
6952.00           0.683312
6954.00           0.676970
6956.00           0.669157
6958.00           0.666140
6960.00           0.661577
6962.00           0.658251
6964.00           0.666527
6966.00           0.674572
6968.00           0.669234
6970.00           0.650206
6972.00           0.636051
6974.00           0.644560
6976.00           0.666063
6978.00           0.678903
6980.00           0.666914
6982.00           0.650748
6984.00           0.640924
6986.00           0.635974
6988.00           0.632802
6990.00           0.636128
6992.00           0.649355
6994.00           0.660262
6996.00           0.663433
6998.00           0.660803
7000.00           0.651831
7002.00           0.637134
7004.00           0.627929
7006.00           0.628471
7008.00           0.637675
7010.00           0.643709
7012.00           0.651831
7014.00           0.660030
7016.00           0.657245
7018.00           0.644560
7020.00           0.632957
7022.00           0.634272
7024.00           0.638758
7026.00           0.638139
7028.00           0.629321
7030.00           0.621432
7032.00           0.631255
7034.00           0.649123
7036.00           0.657245
7038.00           0.642935
7040.00           0.626537
7042.00           0.628161
7044.00           0.644560
7046.00           0.655466
7048.00           0.647808
7050.00           0.632338
7052.00           0.630250
7054.00           0.644173
7056.00           0.656936
7058.00           0.657941
7060.00           0.656162
7062.00           0.669234
7064.00           0.677434
7066.00           0.667610
7068.00           0.651753
7070.00           0.647267
7072.00           0.652217
7074.00           0.647267
7076.00           0.646648
7078.00           0.655234
7080.00           0.663201
7082.00           0.657864
7084.00           0.654770
7086.00           0.657168
7088.00           0.666450
7090.00           0.676351
7092.00           0.675732
7094.00           0.674340
7096.00           0.675345
7098.00           0.680450
7100.00           0.680605