3650.00           0.514008
3652.00           0.531418
3654.00           0.576506
3656.00           0.633625
3658.00           0.679320
3660.00           0.689905
3662.00           0.647709
3664.00           0.621420
3666.00           0.597213
3668.00           0.607914
3670.00           0.618615
3672.00           0.600221
3674.00           0.583910
3676.00           0.586715
3678.00           0.624920
3680.00           0.619627
3682.00           0.624428
3684.00           0.562913
3686.00           0.554526
3688.00           0.532112
3690.00           0.561612
3692.00           0.573816
3694.00           0.580410
3696.00           0.580121
3698.00           0.602217
3700.00           0.644702
3702.00           0.638512
3704.00           0.619107
3706.00           0.591718
3708.00           0.609216
3710.00           0.593309
3712.00           0.550014
3714.00           0.538417
3716.00           0.562711
3718.00           0.595102
3720.00           0.618326
3722.00           0.635216
3724.00           0.680014
3726.00           0.758303
3728.00           0.874623
3730.00           0.983308
3732.00           1.038315
3734.00           0.991000
3736.00           0.903110
3738.00           0.767818
3740.00           0.657109
3742.00           0.566817
3744.00           0.542206
3746.00           0.577403
3748.00           0.606208
3750.00           0.600915
3752.00           0.554902
3754.00           0.544317
3756.00           0.563405
3758.00           0.607307
3760.00           0.631919
3762.00           0.658526
3764.00           0.680708
3766.00           0.680014
3768.00           0.665322
3770.00           0.640508
3772.00           0.628303
3774.00           0.600915
3776.00           0.600105
3778.00           0.612223
3780.00           0.648317
3782.00           0.658613
3784.00           0.693520
3786.00           0.731117
3788.00           0.757320
3790.00           0.748412
3792.00           0.739215
3794.00           0.716107
3796.00           0.683311
3798.00           0.630819
3800.00           0.599122
3802.00           0.581307
3804.00           0.599816
3806.00           0.630010
3808.00           0.676023
3810.00           0.721805
3812.00           0.742628
3814.00           0.760617
3816.00           0.749106
3818.00           0.731001
3820.00           0.708501
3822.00           0.689211
3824.00           0.684728
3826.00           0.682501
3828.00           0.672726
3830.00           0.679407
3832.00           0.650717
3834.00           0.598602
3836.00           0.541714
3838.00           0.495528
3840.00           0.507819
3842.00           0.541107
3844.00           0.577721
3846.00           0.610719
3848.00           0.658323
3850.00           0.738810
3852.00           0.792025
3854.00           0.806601
3856.00           0.775308
3858.00           0.769322
3860.00           0.765707
3862.00           0.764405
3864.00           0.752114
3866.00           0.749222
3868.00           0.744912
3870.00           0.758419
3872.00           0.762728
3874.00           0.778316
3876.00           0.762323
3878.00           0.735311
3880.00           0.715818
3882.00           0.714401
3884.00           0.695718
3886.00           0.672610
3888.00           0.621218
3890.00           0.604502
3892.00           0.584401
3894.00           0.589405
3896.00           0.588422
3898.00           0.605600
3900.00           0.632526
3902.00           0.662806
3904.00           0.703324
3906.00           0.743900
3908.00           0.777622
3910.00           0.792314
3912.00           0.782220
3914.00           0.794223
3916.00           0.826325
3918.00           0.868029
3920.00           0.860423
3922.00           0.845615
3924.00           0.825515
3926.00           0.825602
3928.00           0.792806
3930.00           0.737017
3932.00           0.676312
3934.00           0.609621
3936.00           0.578704
3938.00           0.562827
3940.00           0.580815
3942.00           0.588306
3944.00           0.627320
3946.00           0.665525
3948.00           0.721111
3950.00           0.765302
3952.00           0.811807
3954.00           0.835522
3956.00           0.846512
3958.00           0.826007
3960.00           0.798127
3962.00           0.752201
3964.00           0.706014
3966.00           0.642619
3968.00           0.582724
3970.00           0.528411
3972.00           0.497205
3974.00           0.499923
3976.00           0.520718
3978.00           0.565024
3980.00           0.627522
3982.00           0.703527
3984.00           0.763017
3986.00           0.796623
3988.00           0.825804
3990.00           0.841508
3992.00           0.845615
3994.00           0.842318
3996.00           0.858427
3998.00           0.861927
4000.00           0.865224
4002.00           0.871615
4004.00           0.890905
4006.00           0.912827
4008.00           0.913319
4010.00           0.901317
4012.00           0.893508
4014.00           0.908402
4016.00           0.918322
4018.00           0.932812
4020.00           0.944901
4022.00           0.968905
4024.00           0.967025
4026.00           0.943107
4028.00           0.932927
4030.00           0.929601
4032.00           0.939406
4034.00           0.931626
4036.00           0.928907
4038.00           0.927924
4040.00           0.926912
4042.00           0.925929
4044.00           0.924916
4046.00           0.923904
4048.00           0.922921
4050.00           0.910311
4052.00           0.898309
4054.00           0.893913
4056.00           0.907506
4058.00           0.912914
4060.00           0.901722
4062.00           0.884311
4064.00           0.867624
4066.00           0.872714
4068.00           0.871817
4070.00           0.875606
4072.00           0.883212
4074.00           0.916616
4076.00           0.939319
4078.00           0.931510
4080.00           0.902213
4082.00           0.872222
4084.00           0.859005
4086.00           0.862621
4088.00           0.887811
4090.00           0.918901
4092.00           0.921908
4094.00           0.898425
4096.00           0.862621
4098.00           0.845904
4100.00           0.818516
4102.00           0.798821
4104.00           0.763711
4106.00           0.738521
4108.00           0.719607
4110.00           0.738318
4112.00           0.777506
4114.00           0.814409
4116.00           0.828610
4118.00           0.851804
4120.00           0.863228
4122.00           0.869706
4124.00           0.872801
4126.00           0.873524
4128.00           0.889922
4130.00           0.892901
4132.00           0.900912
4134.00           0.889025
4136.00           0.877312
4138.00           0.874015
4140.00           0.901722
4142.00           0.938220
4144.00           0.961906
4146.00           0.956700
4148.00           0.924511
4150.00           0.896718
4152.00           0.893219
4154.00           0.897615
4156.00           0.899408
4158.00           0.879308
4160.00           0.903515
4162.00           0.945016
4164.00           0.986026
4166.00           0.989815
4168.00           0.976627
4170.00           0.962513
4172.00           0.953721
4174.00           0.953808
4176.00           0.939203
4178.00           0.915025
4180.00           0.899524
4182.00           0.902907
4184.00           0.924309
4186.00           0.925929
4188.00           0.929601
4190.00           0.942009
4192.00           0.960605
4194.00           0.955515
4196.00           0.935501
4198.00           0.923412
4200.00           0.926709
4202.00           0.929110
4204.00           0.917108
4206.00           0.906002
4208.00           0.891918
4210.00           0.898511
4212.00           0.932407
4214.00           0.977726
4216.00           0.999503
4218.00           0.990017
4220.00           0.984522
4222.00           0.981804
4224.00           0.984204
4226.00           0.980329
4228.00           0.967806
4230.00           0.931915
4232.00           0.895706
4234.00           0.880118
4236.00           0.902011
4238.00           0.918814
4240.00           0.912018
4242.00           0.925205
4244.00           0.931308
4246.00           0.960807
4248.00           0.953403
4250.00           0.950714
4252.00           0.936803
4254.00           0.934605
4256.00           0.931423
4258.00           0.926912
4260.00           0.917021
4262.00           0.913203
4264.00           0.926912
4266.00           0.950106
4268.00           0.954416
4270.00           0.955804
4272.00           0.939521
4274.00           0.932407
4276.00           0.910109
4278.00           0.884514
4280.00           0.874218
4282.00           0.899408
4284.00           0.927317
4286.00           0.952015
4288.00           0.953114
4290.00           0.946318
4292.00           0.930324
4294.00           0.909820
4296.00           0.891426
4298.00           0.879626
4300.00           0.882113
4302.00           0.875028
4304.00           0.852007
4306.00           0.800007
4308.00           0.771115
4310.00           0.752114
4312.00           0.760327
4314.00           0.785026
4316.00           0.808018
4318.00           0.837922
4320.00           0.869012
4322.00           0.910514
4324.00           0.935125
4326.00           0.937815
4328.00           0.919624
4330.00           0.885324
4332.00           0.857617
4334.00           0.858225
4336.00           0.870400
4338.00           0.860220
4340.00           0.853713
4342.00           0.837402
4344.00           0.853713
4346.00           0.858601
4348.00           0.850821
4350.00           0.810216
4352.00           0.764318
4354.00           0.783609
4356.00           0.855622
4358.00           0.916009
4360.00           0.923701
4362.00           0.913724
4364.00           0.932320
4366.00           0.951610
4368.00           0.963612
4370.00           0.979606
4372.00           0.979317
4374.00           0.963207
4376.00           0.924714
4378.00           0.927808
4380.00           0.927606
4382.00           0.911815
4384.00           0.903515
4386.00           0.913608
4388.00           0.907506
4390.00           0.870603
4392.00           0.845702
4394.00           0.873524
4396.00           0.908721
4398.00           0.911815
4400.00           0.918322
4402.00           0.930411
4404.00           0.952709
4406.00           0.951610
4408.00           0.952825
4410.00           0.945421
4412.00           0.933419
4414.00           0.918727
4416.00           0.928126
4418.00           0.951205
4420.00           0.955428
4422.00           0.946404
4424.00           0.950309
4426.00           0.964422
4428.00           0.976424
4430.00           0.969107
4432.00           0.953924
4434.00           0.952420
4436.00           0.966128
4438.00           0.970727
4440.00           0.952912
4442.00           0.928329
4444.00           0.933217
4446.00           0.950020
4448.00           0.960113
4450.00           0.960402
4452.00           0.965810
4454.00           0.978912
4456.00           0.982527
4458.00           0.965810
4460.00           0.942818
4462.00           0.934605
4464.00           0.939810
4466.00           0.957221
4468.00           0.963728
4470.00           0.968008
4472.00           0.963207
4474.00           0.968326
4476.00           0.966707
4478.00           0.959419
4480.00           0.963323
4482.00           0.982903
4484.00           1.004015
4486.00           1.003726
4488.00           0.986604
4490.00           0.985419
4492.00           1.003726
4494.00           1.027817
4496.00           1.023103
4498.00           1.013009
4500.00           0.979201
4502.00           0.968211
4504.00           0.978015
4506.00           1.013906
4508.00           1.039703
4510.00           1.041612
4512.00           1.052804
4514.00           1.070012
4516.00           1.059717
4518.00           1.043926
4520.00           1.018013
4522.00           1.034526
4524.00           1.043810
4526.00           1.053209
4528.00           1.032328
4530.00           1.001817
4532.00           0.962716
4534.00           0.948313
4536.00           0.941314
4538.00           0.937208
4540.00           0.931221
4542.00           0.942124
4544.00           0.967228
4546.00           1.003726
4548.00           1.016711
4550.00           1.025214
4552.00           1.014629
4554.00           1.006010
4556.00           0.999706
4558.00           0.977610
4560.00           0.964422
4562.00           0.960229
4564.00           0.985506
4566.00           1.016422
4568.00           1.043318
4570.00           1.029726
4572.00           1.018417
4574.00           1.009915
4576.00           1.033023
4578.00           1.047917
4580.00           1.047714
4582.00           1.024809
4584.00           1.002222
4586.00           0.995715
4588.00           1.000226
4590.00           1.005201
4592.00           0.996814
4594.00           1.004825
4596.00           1.015207
4598.00           1.009510
4600.00           0.984320
4602.00           0.978622
4604.00           0.990306
4606.00           1.005924
4608.00           1.012604
4610.00           1.017318
4612.00           1.018302
4614.00           1.024925
4616.00           1.038518
4618.00           1.059803
4620.00           1.064604
4622.00           1.067207
4624.00           1.056622
4626.00           1.034816
4628.00           1.025012
4630.00           1.039009
4632.00           1.061105
4634.00           1.064402
4636.00           1.043810
4638.00           1.030622
4640.00           1.016711
4642.00           1.019025
4644.00           1.016827
4646.00           1.016914
4648.00           1.015207
4650.00           0.994616
4652.00           0.981023
4654.00           0.966620
4656.00           0.986604
4658.00           1.010320
4660.00           1.029928
4662.00           1.031605
4664.00           1.023103
4666.00           1.030622
4668.00           1.050028
4670.00           1.056911
4672.00           1.028019
4674.00           0.984002
4676.00           0.961819
4678.00           0.971913
4680.00           0.994326
4682.00           0.984320
4684.00           0.977003
4686.00           0.976019
4688.00           0.999012
4690.00           1.008613
4692.00           1.006820
4694.00           0.995020
4696.00           1.007428
4698.00           1.009626
4700.00           1.021107
4702.00           1.011824
4704.00           1.006010
4706.00           1.000718
4708.00           0.979721
4710.00           0.972115
4712.00           0.964220
4714.00           0.965406
4716.00           0.973127
4718.00           0.993806
4720.00           1.004622
4722.00           1.013703
4724.00           1.004825
4726.00           1.017608
4728.00           1.031403
4730.00           1.033427
4732.00           1.016827
4734.00           0.974920
4736.00           0.958725
4738.00           0.962022
4740.00           0.982411
4742.00           0.998520
4744.00           1.005201
4746.00           1.003321
4748.00           1.018128
4750.00           1.037303
4752.00           1.044215
4754.00           1.031201
4756.00           1.011216
4758.00           1.010320
4760.00           0.998809
4762.00           0.997508
4764.00           0.985621
4766.00           0.987328
4768.00           0.977205
4770.00           0.970120
4772.00           0.958725
4774.00           0.968326
4776.00           0.993719
4778.00           1.017116
4780.00           1.025127
4782.00           1.019719
4784.00           1.016017
4786.00           1.012923
4788.00           1.003003
4790.00           1.002713
4792.00           1.006010
4794.00           0.997508
4796.00           0.988427
4798.00           0.990914
4800.00           1.003726
4802.00           1.014426
4804.00           1.018909
4806.00           1.030217
4808.00           1.030825
4810.00           1.015901
4812.00           1.008700
4814.00           1.003812
4816.00           0.988513
4818.00           0.988918
4820.00           1.001123
4822.00           1.012228
4824.00           1.005403
4826.00           0.971623
4828.00           0.946520
4830.00           0.929601
4832.00           0.947822
4834.00           0.974920
4836.00           0.989410
4838.00           0.975325
4840.00           0.972404
4842.00           0.980011
4844.00           0.980705
4846.00           0.967401
4848.00           0.948226
4850.00           0.941228
4852.00           0.950309
4854.00           0.954705
4856.00           0.955312
4858.00           0.927722
4860.00           0.897007
4862.00           0.898511
4864.00           0.958002
4866.00           1.072008
4868.00           1.172421
4870.00           1.178726
4872.00           1.079007
4874.00           0.948516
4876.00           0.864009
4878.00           0.833324
4880.00           0.831907
4882.00           0.849924
4884.00           0.884022
4886.00           0.910224
4888.00           0.916211
4890.00           0.918612
4892.00           0.908923
4894.00           0.904006
4896.00           0.887117
4898.00           0.901519
4900.00           0.932522
4902.00           0.956122
4904.00           0.975904
4906.00           0.966823
4908.00           0.974805
4910.00           0.974429
4912.00           0.972607
4914.00           0.966823
4916.00           0.952218
4918.00           0.950222
4920.00           0.955110
4922.00           0.957221
4924.00           0.954126
4926.00           0.924627
4928.00           0.903023
4930.00           0.904614
4932.00           0.916413
4934.00           0.934807
4936.00           0.952420
4938.00           0.969310
4940.00           0.974805
4942.00           0.953317
4944.00           0.932812
4946.00           0.921619
4948.00           0.930700
4950.00           0.945710
4952.00           0.972404
4954.00           0.988803
4956.00           0.998607
4958.00           0.992418
4960.00           0.992418
4962.00           1.001007
4964.00           1.000226
4966.00           1.000805
4968.00           0.981428
4970.00           0.975210
4972.00           0.962600
4974.00           0.958725
4976.00           0.950511
4978.00           0.959101
4980.00           0.973822
4982.00           0.974226
4984.00           0.973417
4986.00           0.971623
4988.00           0.957221
4990.00           0.928502
4992.00           0.917715
4994.00           0.922400
4996.00           0.941025
4998.00           0.938017
5000.00           0.943310
5002.00           0.934518
5004.00           0.933911
5006.00           0.935906
5008.00           0.953317
5010.00           0.973503
5012.00           0.995310
5014.00           1.008324
5016.00           1.003523
5018.00           0.988108
5020.00           0.956816
5022.00           0.920607
5024.00           0.894202
5026.00           0.874102
5028.00           0.896313
5030.00           0.912018
5032.00           0.941922
5034.00           0.941719
5036.00           0.943715
5038.00           0.937323
5040.00           0.952420
5042.00           0.958117
5044.00           0.945219
5046.00           0.911121
5048.00           0.886423
5050.00           0.894925
5052.00           0.912220
5054.00           0.932522
5056.00           0.935819
5058.00           0.938509
5060.00           0.936311
5062.00           0.937902
5064.00           0.949701
5066.00           0.965521
5068.00           0.975412
5070.00           0.964914
5072.00           0.950627
5074.00           0.940129
5076.00           0.927317
5078.00           0.921908
5080.00           0.919219
5082.00           0.926420
5084.00           0.928011
5086.00           0.923210
5088.00           0.919826
5090.00           0.909820
5092.00           0.907824
5094.00           0.921012
5096.00           0.942327
5098.00           0.955110
5100.00           0.954213
5102.00           0.941604
5104.00           0.929110
5106.00           0.917917
5108.00           0.907217
5110.00           0.912422
5112.00           0.907824
5114.00           0.920029
5116.00           0.916413
5118.00           0.928502
5120.00           0.919826
5122.00           0.920115
5124.00           0.917021
5126.00           0.921128
5128.00           0.904411
5130.00           0.896718
5132.00           0.907621
5134.00           0.927606
5136.00           0.924801
5138.00           0.922400
5140.00           0.936109
5142.00           0.954705
5144.00           0.948602
5146.00           0.920925
5148.00           0.900420
5150.00           0.901924
5152.00           0.896516
5154.00           0.892409
5156.00           0.897702
5158.00           0.922921
5160.00           0.959824
5162.00           0.971508
5164.00           0.959910
5166.00           0.946723
5168.00           0.934807
5170.00           0.932407
5172.00           0.916211
5174.00           0.894520
5176.00           0.870313
5178.00           0.840814
5180.00           0.828610
5182.00           0.821322
5184.00           0.820425
5186.00           0.830518
5188.00           0.854002
5190.00           0.863922
5192.00           0.850503
5194.00           0.842607
5196.00           0.860018
5198.00           0.882027
5200.00           0.887319
5202.00           0.887926
5204.00           0.903023
5206.00           0.932204
5208.00           0.956527
5210.00           0.973908
5212.00           0.969801
5214.00           0.942905
5216.00           0.903312
5218.00           0.873119
5220.00           0.879019
5222.00           0.911728
5224.00           0.945103
5226.00           0.963323
5228.00           0.959101
5230.00           0.948602
5232.00           0.933419
5234.00           0.926102
5236.00           0.928011
5238.00           0.923615
5240.00           0.916327
5242.00           0.914418
5244.00           0.921214
5246.00           0.922718
5248.00           0.928329
5250.00           0.941517
5252.00           0.957915
5254.00           0.963815
5256.00           0.963728
5258.00           0.967517
5260.00           0.972404
5262.00           0.963612
5264.00           0.952420
5266.00           0.950511
5268.00           0.955515
5270.00           0.936311
5272.00           0.896805
5274.00           0.869909
5276.00           0.872107
5278.00           0.886307
5280.00           0.896227
5282.00           0.908113
5284.00           0.920029
5286.00           0.929601
5288.00           0.943802
5290.00           0.979924
5292.00           1.016624
5294.00           1.040918
5296.00           1.050317
5298.00           1.058010
5300.00           1.044417
5302.00           1.004709
5304.00           0.967719
5306.00           0.961009
5308.00           0.972607
5310.00           0.982903
5312.00           0.998028
5314.00           1.014802
5316.00           1.031201
5318.00           1.037014
5320.00           1.037910
5322.00           1.036609
5324.00           1.030420
5326.00           1.023103
5328.00           1.011303
5330.00           0.999619
5332.00           0.989728
5334.00           0.975528
5336.00           0.957105
5338.00           0.942211
5340.00           0.942500
5342.00           0.953924
5344.00           0.972318
5346.00           0.978420
5348.00           0.964827
5350.00           0.970004
5352.00           0.991608
5354.00           1.018215
5356.00           1.019227
5358.00           1.014022
5360.00           1.019516
5362.00           1.026226
5364.00           1.036811
5366.00           1.050317
5368.00           1.056015
5370.00           1.040918
5372.00           1.011419
5374.00           0.985216
5376.00           0.976222
5378.00           0.978912
5380.00           0.978912
5382.00           0.971421
5384.00           0.970004
5386.00           0.995715
5388.00           1.023508
5390.00           1.026024
5392.00           0.998115
5394.00           0.982324
5396.00           0.996900
5398.00           1.016914
5400.00           1.007919
5402.00           0.985910
5404.00           0.976800
5406.00           0.988918
5408.00           0.987501
5410.00           0.977813
5412.00           0.971508
5414.00           0.971421
5416.00           0.957221
5418.00           0.938625
5420.00           0.939926
5422.00           0.961819
5424.00           0.978102
5426.00           0.984117
5428.00           0.992504
5430.00           1.006820
5432.00           1.010320
5434.00           0.999619
5436.00           0.993517
5438.00           0.991203
5440.00           0.986113
5442.00           0.973503
5444.00           0.968703
5446.00           0.970409
5448.00           0.979027
5450.00           0.990104
5452.00           0.991723
5454.00           0.980502
5456.00           0.969512
5458.00           0.984204
5460.00           1.019516
5462.00           1.046702
5464.00           1.041901
5466.00           1.011014
5468.00           0.988427
5470.00           0.996524
5472.00           1.024607
5474.00           1.034613
5476.00           1.013906
5478.00           0.978912
5480.00           0.960113
5482.00           0.965406
5484.00           0.978102
5486.00           0.982903
5488.00           0.979403
5490.00           0.973214
5492.00           0.974313
5494.00           0.981601
5496.00           0.991116
5498.00           1.004015
5500.00           1.010725
5502.00           1.009018
5504.00           1.009307
5506.00           1.010609
5508.00           1.014716
5510.00           1.009828
5512.00           1.001325
5514.00           0.998028
5516.00           0.994616
5518.00           0.987906
5520.00           0.994326
5522.00           1.012518
5524.00           1.028627
5526.00           1.024115
5528.00           1.002916
5530.00           0.991116
5532.00           0.996611
5534.00           1.011824
5536.00           1.007601
5538.00           0.975412
5540.00           0.958812
5542.00           0.975123
5544.00           1.010927
5546.00           1.023913
5548.00           1.024404
5550.00           1.021628
5552.00           1.023016
5554.00           1.031114
5556.00           1.033601
5558.00           1.026111
5560.00           1.011303
5562.00           1.014022
5564.00           1.020124
5566.00           1.015815
5568.00           1.002019
5570.00           0.994616
5572.00           0.995715
5574.00           0.996727
5576.00           0.997826
5578.00           0.998925
5580.00           1.000024
5582.00           1.001123
5584.00           1.002222
5586.00           1.003321
5588.00           1.018215
5590.00           1.022524
5592.00           1.025416
5594.00           1.008122
5596.00           0.991810
5598.00           0.974313
5600.00           0.962513
5602.00           0.965001
5604.00           0.982411
5606.00           1.014224
5608.00           1.033427
5610.00           1.019806
5612.00           0.984811
5614.00           0.983423
5616.00           1.011303
5618.00           1.037216
5620.00           1.034411
5622.00           1.024607
5624.00           1.035915
5626.00           1.054713
5628.00           1.049016
5630.00           1.028916
5632.00           1.010811
5634.00           1.010811
5636.00           1.002424
5638.00           0.991723
5640.00           0.998404
5642.00           1.016914
5644.00           1.017405
5646.00           1.000024
5648.00           0.988600
5650.00           0.990711
5652.00           0.999503
5654.00           1.004507
5656.00           1.011419
5658.00           1.021020
5660.00           1.025301
5662.00           1.023305
5664.00           1.017608
5666.00           1.008613
5668.00           0.992418
5670.00           0.971016
5672.00           0.969426
5674.00           0.983915
5676.00           1.003118
5678.00           1.012720
5680.00           1.015410
5682.00           1.018620
5684.00           1.023623
5686.00           1.037014
5688.00           1.047714
5690.00           1.053527
5692.00           1.054424
5694.00           1.044822
5696.00           1.028800
5698.00           1.014108
5700.00           1.014224
5702.00           1.018215
5704.00           1.030825
5706.00           1.049103
5708.00           1.055928
5710.00           1.041728
5712.00           1.011621
5714.00           0.988513
5716.00           0.975412
5718.00           0.983626
5720.00           1.000515
5722.00           1.005027
5724.00           1.008527
5726.00           1.014716
5728.00           1.029610
5730.00           1.033803
5732.00           1.032820
5734.00           1.034729
5736.00           1.035018
5738.00           1.036609
5740.00           1.041410
5742.00           1.044707
5744.00           1.041901
5746.00           1.037505
5748.00           1.037419
5750.00           1.041005
5752.00           1.037823
5754.00           1.033803
5756.00           1.033427
5758.00           1.037100
5760.00           1.037100
5762.00           1.030304
5764.00           1.029812
5766.00           1.040629
5768.00           1.039501
5770.00           1.030102
5772.00           1.021512
5774.00           1.035105
5776.00           1.054626
5778.00           1.059225
5780.00           1.050606
5782.00           1.036609
5784.00           1.019401
5786.00           1.009626
5788.00           1.010320
5790.00           1.008324
5792.00           1.007717
5794.00           1.000602
5796.00           0.987819
5798.00           0.978709
5800.00           0.984002
5802.00           1.012315
5804.00           1.028916
5806.00           1.037823
5808.00           1.046413
5810.00           1.054713
5812.00           1.052515
5814.00           1.043405
5816.00           1.038604
5818.00           1.032618
5820.00           1.040224
5822.00           1.048119
5824.00           1.043723
5826.00           1.031316
5828.00           1.022900
5830.00           1.032213
5832.00           1.044302
5834.00           1.063303
5836.00           1.078428
5838.00           1.077301
5840.00           1.065327
5842.00           1.056911
5844.00           1.057721
5846.00           1.060121
5848.00           1.058907
5850.00           1.061307
5852.00           1.064807
5854.00           1.061307
5856.00           1.049507
5858.00           1.040224
5860.00           1.043810
5862.00           1.048206
5864.00           1.041815
5866.00           1.027904
5868.00           1.019603
5870.00           1.025619
5872.00           1.043926
5874.00           1.058415
5876.00           1.057200
5878.00           1.047512
5880.00           1.025619
5882.00           0.993401
5884.00           0.962224
5886.00           0.993517
5888.00           1.043000
5890.00           1.061915
5892.00           1.080829
5894.00           1.056506
5896.00           1.015815
5898.00           0.951003
5900.00           0.909906
5902.00           0.901028
5904.00           0.870805
5906.00           0.868405
5908.00           0.891310
5910.00           0.921822
5912.00           0.950511
5914.00           0.962600
5916.00           0.980705
5918.00           1.008613
5920.00           1.032704
5922.00           1.033225
5924.00           1.014629
5926.00           1.005606
5928.00           1.008527
5930.00           1.018707
5932.00           1.022119
5934.00           1.015728
5936.00           1.021917
5938.00           1.028309
5940.00           1.027325
5942.00           1.012604
5944.00           0.998607
5946.00           1.002019
5948.00           1.013501
5950.00           1.027412
5952.00           1.031201
5954.00           1.030622
5956.00           1.042306
5958.00           1.054916
5960.00           1.043405
5962.00           1.015612
5964.00           1.002106
5966.00           1.001123
5968.00           1.000226
5970.00           0.989526
5972.00           0.993314
5974.00           1.003118
5976.00           1.010117
5978.00           1.012113
5980.00           1.015525
5982.00           1.021223
5984.00           1.023508
5986.00           1.020615
5988.00           1.009307
5990.00           0.997016
5992.00           0.992909
5994.00           0.997305
5996.00           1.000718
5998.00           0.999214
6000.00           0.998202
6002.00           1.002800
6004.00           1.006820
6006.00           1.005316
6008.00           1.000024
6010.00           0.998115
6012.00           0.996409
6014.00           0.988803
6016.00           0.976309
6018.00           0.968211
6020.00           0.968326
6022.00           0.974516
6024.00           0.985708
6026.00           0.994905
6028.00           0.997508
6030.00           0.992418
6032.00           0.989323
6034.00           0.992215
6036.00           1.000429
6038.00           1.012402
6040.00           1.018302
6042.00           1.017000
6044.00           1.008527
6046.00           0.997710
6048.00           0.994529
6050.00           0.999503
6052.00           1.011419
6054.00           1.018417
6056.00           1.018707
6058.00           1.016219
6060.00           1.009712
6062.00           1.008816
6064.00           1.012026
6066.00           1.013327
6068.00           1.004825
6070.00           1.001325
6072.00           1.010320
6074.00           1.021714
6076.00           1.028222
6078.00           1.032126
6080.00           1.036609
6082.00           1.032010
6084.00           1.023913
6086.00           1.018302
6088.00           1.014513
6090.00           1.000226
6092.00           0.991521
6094.00           0.991926
6096.00           0.992620
6098.00           0.988803
6100.00           0.991405
6102.00           1.010320
6104.00           1.021020
6106.00           1.013906
6108.00           1.001614
6110.00           0.998722
6112.00           0.996409
6114.00           0.995310
6116.00           0.994211
6118.00           0.997710
6120.00           1.000805
6122.00           1.001325
6124.00           0.999214
6126.00           0.988022
6128.00           0.984117
6130.00           0.985506
6132.00           0.981225
6134.00           0.962427
6136.00           0.958725
6138.00           0.984117
6140.00           1.011910
6142.00           1.008006
6144.00           0.984002
6146.00           0.968818
6148.00           0.968616
6150.00           0.970004
6152.00           0.972723
6154.00           0.984609
6156.00           0.992013
6158.00           0.991203
6160.00           0.982816
6162.00           0.978709
6164.00           0.977003
6166.00           0.974429
6168.00           0.965406
6170.00           0.940013
6172.00           0.918207
6174.00           0.908923
6176.00           0.909617
6178.00           0.903717
6180.00           0.900912
6182.00           0.908518
6184.00           0.918409
6186.00           0.933911
6188.00           0.949528
6190.00           0.964711
6192.00           0.969917
6194.00           0.968818
6196.00           0.966215
6198.00           0.958407
6200.00           0.947706
6202.00           0.937902
6204.00           0.929601
6206.00           0.925321
6208.00           0.930324
6210.00           0.938307
6212.00           0.938509
6214.00           0.923528
6216.00           0.921214
6218.00           0.934720
6220.00           0.948920
6222.00           0.947503
6224.00           0.941314
6226.00           0.932927
6228.00           0.910918
6230.00           0.904816
6232.00           0.918612
6234.00           0.944727
6236.00           0.951523
6238.00           0.943310
6240.00           0.932927
6242.00           0.922313
6244.00           0.919826
6246.00           0.917108
6248.00           0.907217
6250.00           0.891426
6252.00           0.884514
6254.00           0.889112
6256.00           0.901606
6258.00           0.921128
6260.00           0.938827
6262.00           0.948313
6264.00           0.944814
6266.00           0.936427
6268.00           0.924309
6270.00           0.912827
6272.00           0.908316
6274.00           0.907101
6276.00           0.903312
6278.00           0.893711
6280.00           0.887608
6282.00           0.888129
6284.00           0.894115
6286.00           0.902011
6288.00           0.905424
6290.00           0.906320
6292.00           0.905105
6294.00           0.907014
6296.00           0.908923
6298.00           0.910803
6300.00           0.912712
6302.00           0.920520
6304.00           0.916703
6306.00           0.917223
6308.00           0.931423
6310.00           0.948226
6312.00           0.958609
6314.00           0.950627
6316.00           0.946115
6318.00           0.939116
6320.00           0.927606
6322.00           0.919508
6324.00           0.915025
6326.00           0.913926
6328.00           0.918901
6330.00           0.929804
6332.00           0.939001
6334.00           0.933419
6336.00           0.920202
6338.00           0.919624
6340.00           0.931105
6342.00           0.935819
6344.00           0.926825
6346.00           0.928416
6348.00           0.934720
6350.00           0.945710
6352.00           0.951003
6354.00           0.946607
6356.00           0.939406
6358.00           0.939001
6360.00           0.964104
6362.00           0.984811
6364.00           0.984204
6366.00           0.959910
6368.00           0.923701
6370.00           0.897326
6372.00           0.894202
6374.00           0.915112
6376.00           0.931423
6378.00           0.937526
6380.00           0.936513
6382.00           0.935704
6384.00           0.944814
6386.00           0.961212
6388.00           0.977205
6390.00           0.975412
6392.00           0.967517
6394.00           0.965608
6396.00           0.969512
6398.00           0.967719
6400.00           0.957221
6402.00           0.943628
6404.00           0.934113
6406.00           0.932812
6408.00           0.933621
6410.00           0.931915
6412.00           0.930700
6414.00           0.937526
6416.00           0.948429
6418.00           0.952304
6420.00           0.948602
6422.00           0.948602
6424.00           0.955110
6426.00           0.957423
6428.00           0.949007
6430.00           0.938220
6432.00           0.934113
6434.00           0.932812
6436.00           0.934315
6438.00           0.938422
6440.00           0.945306
6442.00           0.946115
6444.00           0.934807
6446.00           0.924222
6448.00           0.928502
6450.00           0.940215
6452.00           0.944727
6454.00           0.933419
6456.00           0.924627
6458.00           0.925929
6460.00           0.935328
6462.00           0.945103
6464.00           0.950020
6466.00           0.958204
6468.00           0.965926
6470.00           0.963323
6472.00           0.948024
6474.00           0.925813
6476.00           0.915806
6478.00           0.923007
6480.00           0.938509
6482.00           0.950916
6484.00           0.948429
6486.00           0.937902
6488.00           0.919016
6490.00           0.904903
6492.00           0.915401
6494.00           0.948718
6496.00           0.976222
6498.00           0.975210
6500.00           0.959506
6502.00           0.939724
6504.00           0.915719
6506.00           0.887608
6508.00           0.878614
6510.00           0.889025
6512.00           0.906204
6514.00           0.913116
6516.00           0.917223
6518.00           0.929601
6520.00           0.945913
6522.00           0.950627
6524.00           0.933708
6526.00           0.916327
6528.00           0.926623
6530.00           0.959506
6532.00           0.983828
6534.00           0.976714
6536.00           0.951321
6538.00           0.932320
6540.00           0.935906
6542.00           0.952218
6544.00           0.954416
6546.00           0.939319
6548.00           0.926420
6550.00           0.944322
6552.00           0.994702
6554.00           1.056015
6556.00           1.102115
6558.00           1.118629
6560.00           1.118629
6562.00           1.105412
6564.00           1.103705
6566.00           1.169500
6568.00           1.379408
6570.00           1.745489
6572.00           2.150584
6574.00           2.390773
6576.00           2.351093
6578.00           2.051096
6580.00           1.640998
6582.00           1.267513
6584.00           1.033514
6586.00           0.972809
6588.00           1.050115
6590.00           1.228325
6592.00           1.433317
6594.00           1.580698
6596.00           1.597096
6598.00           1.484796
6600.00           1.311907
6602.00           1.149516
6604.00           1.034526
6606.00           0.970206
6608.00           0.938827
6610.00           0.930700
6612.00           0.933217
6614.00           0.934923
6616.00           0.931018
6618.00           0.922226
6620.00           0.919508
6622.00           0.925524
6624.00           0.933419
6626.00           0.938104
6628.00           0.941228
6630.00           0.947908
6632.00           0.953606
6634.00           0.957828
6636.00           0.956209
6638.00           0.946520
6640.00           0.932204
6642.00           0.922921
6644.00           0.924309
6646.00           0.931308
6648.00           0.939319
6650.00           0.945913
6652.00           0.947417
6654.00           0.941228
6656.00           0.939521
6658.00           0.942616
6660.00           0.944611
6662.00           0.936600
6664.00           0.930816
6666.00           0.932812
6668.00           0.932002
6670.00           0.926015
6672.00           0.922516
6674.00           0.927403
6676.00           0.928705
6678.00           0.925408
6680.00           0.924309
6682.00           0.930816
6684.00           0.936600
6686.00           0.936109
6688.00           0.933217
6690.00           0.935328
6692.00           0.937323
6694.00           0.934923
6696.00           0.929225
6698.00           0.930527
6700.00           0.942413
6702.00           0.956324
6704.00           0.960402
6706.00           0.949904
6708.00           0.936109
6710.00           0.936022
6712.00           0.950800
6714.00           0.954213
6716.00           0.938712
6718.00           0.924106
6720.00           0.949701
6722.00           1.006126
6724.00           1.075623
6726.00           1.139220
6728.00           1.185407
6730.00           1.183527
6732.00           1.132106
6734.00           1.072413
6736.00           1.046124
6738.00           1.060816
6740.00           1.095203
6742.00           1.129416
6744.00           1.133407
6746.00           1.097719
6748.00           1.035915
6750.00           0.980907
6752.00           0.947908
6754.00           0.931828
6756.00           0.919913
6758.00           0.903428
6760.00           0.894202
6762.00           0.901519
6764.00           0.919306
6766.00           0.933217
6768.00           0.932407
6770.00           0.925813
6772.00           0.925119
6774.00           0.932927
6776.00           0.940823
6778.00           0.936513
6780.00           0.934923
6782.00           0.938104
6784.00           0.946520
6786.00           0.954011
6788.00           0.950511
6790.00           0.943512
6792.00           0.937208
6794.00           0.939406
6796.00           0.942124
6798.00           0.934229
6800.00           0.924627
6802.00           0.918727
6804.00           0.924020
6806.00           0.937121
6808.00           0.944004
6810.00           0.941922
6812.00           0.939521
6814.00           0.947128
6816.00           0.949615
6818.00           0.947417
6820.00           0.940823
6822.00           0.940823
6824.00           0.940823
6826.00           0.940823
6828.00           0.940823
6830.00           0.940823
6832.00           0.940823
6834.00           0.940823
6836.00           0.931828
6838.00           0.919508
6840.00           0.910918
6842.00           0.918901
6844.00           0.933911
6846.00           0.939001
6848.00           0.935010
6850.00           0.928502
6852.00           0.921012
6854.00           0.895417
6856.00           0.869822
6858.00           0.883328
6860.00           0.951205
6862.00           1.012315
6864.00           1.002713
6866.00           0.915025
6868.00           0.804721
6870.00           0.722528
6872.00           0.686608
6874.00           0.691120
6876.00           0.728023
6878.00           0.785228
6880.00           0.841826
6882.00           0.870400
6884.00           0.879915
6886.00           0.880609
6888.00           0.878701
6890.00           0.867913
6892.00           0.843706
6894.00           0.824416
6896.00           0.824011
6898.00           0.844603
6900.00           0.871817
6902.00           0.881217
6904.00           0.874218
6906.00           0.862823
6908.00           0.872020
6910.00           0.911902
6912.00           0.941314
6914.00           0.930816
6916.00           0.891918
6918.00           0.887521
6920.00           0.919306
6922.00           0.962022
6924.00           0.982006
6926.00           0.973417
6928.00           0.945103
6930.00           0.912422
6932.00           0.897210
6934.00           0.903601
6936.00           0.916211
6938.00           0.921417
6940.00           0.916009
6942.00           0.909328
6944.00           0.917917
6946.00           0.945826
6948.00           0.982411
6950.00           1.003408
6952.00           0.992418
6954.00           0.958927
6956.00           0.928213
6958.00           0.907708
6960.00           0.895822
6962.00           0.888910
6964.00           0.896227
6966.00           0.912827
6968.00           0.924222
6970.00           0.928821
6972.00           0.936600
6974.00           0.955515
6976.00           0.978709
6978.00           0.997421
6980.00           1.002309
6982.00           0.985708
6984.00           0.947908
6986.00           0.911121
6988.00           0.896111
6990.00           0.906812
6992.00           0.919016
6994.00           0.922602
6996.00           0.919913
6998.00           0.921504
7000.00           0.930903
7002.00           0.938827
7004.00           0.940129
7006.00           0.936513
7008.00           0.941025
7010.00           0.953924
7012.00           0.960026
7014.00           0.948313
7016.00           0.928126
7018.00           0.914823
7020.00           0.915401
7022.00           0.920202
7024.00           0.921012
7026.00           0.915025
7028.00           0.907101
7030.00           0.907506
7032.00           0.912625
7034.00           0.916703
7036.00           0.919219
7038.00           0.920318
7040.00           0.922226
7042.00           0.921417
7044.00           0.929601
7046.00           0.947417
7048.00           0.965810
7050.00           0.974602
7052.00           0.973301
7054.00           0.970322
7056.00           0.970727
7058.00           0.973012
7060.00           0.973706
7062.00           0.975701
7064.00           0.986228
7066.00           0.997508
7068.00           0.999908
7070.00           0.990509
7072.00           0.980502
7074.00           0.977726
7076.00           0.978015
7078.00           0.974805
7080.00           0.970206
7082.00           0.973417
7084.00           0.982527
7086.00           0.988108
7088.00           1.001412
7090.00           1.023623
7092.00           1.046615
7094.00           1.045603
7096.00           1.025619
7098.00           1.009018
7100.00           1.003928