3650.00           0.443807
3652.00           0.468806
3654.00           0.512406
3656.00           0.526606
3658.00           0.511407
3660.00           0.454713
3662.00           0.439407
3664.00           0.423315
3666.00           0.452204
3668.00           0.460006
3670.00           0.469614
3672.00           0.481221
3674.00           0.487407
3676.00           0.484920
3678.00           0.474503
3680.00           0.508920
3682.00           0.512406
3684.00           0.478309
3686.00           0.432115
3688.00           0.459602
3690.00           0.438812
3692.00           0.431202
3694.00           0.402610
3696.00           0.460601
3698.00           0.531113
3700.00           0.583704
3702.00           0.588402
3704.00           0.592420
3706.00           0.559003
3708.00           0.582514
3710.00           0.568802
3712.00           0.562000
3714.00           0.506815
3716.00           0.455818
3718.00           0.411113
3720.00           0.376208
3722.00           0.343003
3724.00           0.337901
3726.00           0.441915
3728.00           0.526011
3730.00           0.540806
3732.00           0.533812
3734.00           0.626113
3736.00           0.731509
3738.00           0.812607
3740.00           0.851317
3742.00           0.825914
3744.00           0.661316
3746.00           0.469210
3748.00           0.385604
3750.00           0.449717
3752.00           0.481221
3754.00           0.457221
3756.00           0.413706
3758.00           0.387113
3760.00           0.416704
3762.00           0.440512
3764.00           0.459814
3766.00           0.508112
3768.00           0.510004
3770.00           0.505008
3772.00           0.524714
3774.00           0.578007
3776.00           0.653812
3778.00           0.652707
3780.00           0.588912
3782.00           0.537107
3784.00           0.507304
3786.00           0.494804
3788.00           0.484920
3790.00           0.497100
3792.00           0.613210
3794.00           0.695413
3796.00           0.704214
3798.00           0.647010
3800.00           0.600817
3802.00           0.552902
3804.00           0.512321
3806.00           0.522716
3808.00           0.521717
3810.00           0.482305
3812.00           0.452310
3814.00           0.476608
3816.00           0.521419
3818.00           0.537320
3820.00           0.582407
3822.00           0.607215
3824.00           0.584916
3826.00           0.563020
3828.00           0.537405
3830.00           0.564211
3832.00           0.564508
3834.00           0.566400
3836.00           0.503010
3838.00           0.421508
3840.00           0.417405
3842.00           0.407712
3844.00           0.450312
3846.00           0.463216
3848.00           0.462301
3850.00           0.427503
3852.00           0.430117
3854.00           0.498206
3856.00           0.573012
3858.00           0.591102
3860.00           0.556516
3862.00           0.568314
3864.00           0.543421
3866.00           0.584618
3868.00           0.589614
3870.00           0.607917
3872.00           0.602709
3874.00           0.597713
3876.00           0.605217
3878.00           0.629621
3880.00           0.619608
3882.00           0.648519
3884.00           0.620905
3886.00           0.600009
3888.00           0.540508
3890.00           0.514702
3892.00           0.525416
3894.00           0.573904
3896.00           0.555410
3898.00           0.547821
3900.00           0.485621
3902.00           0.479201
3904.00           0.484218
3906.00           0.525309
3908.00           0.603006
3910.00           0.636019
3912.00           0.650602
3914.00           0.656214
3916.00           0.664717
3918.00           0.668501
3920.00           0.692310
3922.00           0.698007
3924.00           0.729001
3926.00           0.714418
3928.00           0.709720
3930.00           0.640207
3932.00           0.559619
3934.00           0.486918
3936.00           0.512108
3938.00           0.549713
3940.00           0.563701
3942.00           0.518507
3944.00           0.463407
3946.00           0.435113
3948.00           0.419807
3950.00           0.424420
3952.00           0.444509
3954.00           0.483517
3956.00           0.567506
3958.00           0.644310
3960.00           0.658021
3962.00           0.645203
3964.00           0.602709
3966.00           0.578709
3968.00           0.573819
3970.00           0.565912
3972.00           0.576009
3974.00           0.542209
3976.00           0.531708
3978.00           0.475800
3980.00           0.382713
3982.00           0.318004
3984.00           0.307120
3986.00           0.379609
3988.00           0.467807
3990.00           0.556813
3992.00           0.619120
3994.00           0.656405
3996.00           0.681702
3998.00           0.701302
4000.00           0.708210
4002.00           0.740416
4004.00           0.752512
4006.00           0.752915
4008.00           0.809716
4010.00           0.809121
4012.00           0.835820
4014.00           0.801808
4016.00           0.800618
4018.00           0.791009
4020.00           0.800214
4022.00           0.832717
4024.00           0.868005
4026.00           0.860118
4028.00           0.848703
4030.00           0.849404
4032.00           0.856100
4034.00           0.865411
4036.00           0.843112
4038.00           0.842708
4040.00           0.824320
4042.00           0.818517
4044.00           0.824405
4046.00           0.846301
4048.00           0.865220
4050.00           0.843920
4052.00           0.825702
4054.00           0.794304
4056.00           0.734719
4058.00           0.690312
4060.00           0.719817
4062.00           0.769007
4064.00           0.853209
4066.00           0.828402
4068.00           0.833206
4070.00           0.783016
4072.00           0.761716
4074.00           0.763608
4076.00           0.781401
4078.00           0.799810
4080.00           0.793411
4082.00           0.795813
4084.00           0.807420
4086.00           0.828402
4088.00           0.823512
4090.00           0.831611
4092.00           0.839604
4094.00           0.813712
4096.00           0.804614
4098.00           0.771516
4100.00           0.757613
4102.00           0.748217
4104.00           0.760908
4106.00           0.805507
4108.00           0.787310
4110.00           0.728214
4112.00           0.695711
4114.00           0.649220
4116.00           0.635318
4118.00           0.647201
4120.00           0.730701
4122.00           0.778212
4124.00           0.794602
4126.00           0.785015
4128.00           0.806315
4130.00           0.810906
4132.00           0.821812
4134.00           0.844302
4136.00           0.851211
4138.00           0.851615
4140.00           0.843112
4142.00           0.856207
4144.00           0.859013
4146.00           0.838116
4148.00           0.819601
4150.00           0.795112
4152.00           0.794602
4154.00           0.772706
4156.00           0.774301
4158.00           0.774811
4160.00           0.791413
4162.00           0.816008
4164.00           0.852508
4166.00           0.845705
4168.00           0.844409
4170.00           0.804210
4172.00           0.817518
4174.00           0.851402
4176.00           0.913220
4178.00           0.919214
4180.00           0.873404
4182.00           0.848703
4184.00           0.840412
4186.00           0.813521
4188.00           0.782506
4190.00           0.761504
4192.00           0.798513
4194.00           0.817709
4196.00           0.866113
4198.00           0.875912
4200.00           0.860203
4202.00           0.849319
4204.00           0.846704
4206.00           0.877018
4208.00           0.873808
4210.00           0.862903
4212.00           0.871406
4214.00           0.857716
4216.00           0.835502
4218.00           0.794411
4220.00           0.806804
4222.00           0.824405
4224.00           0.870811
4226.00           0.867218
4228.00           0.871703
4230.00           0.856611
4232.00           0.861309
4234.00           0.913007
4236.00           0.905801
4238.00           0.862201
4240.00           0.798301
4242.00           0.793305
4244.00           0.795516
4246.00           0.797812
4248.00           0.778021
4250.00           0.785121
4252.00           0.797110
4254.00           0.820515
4256.00           0.855505
4258.00           0.852805
4260.00           0.832100
4262.00           0.826616
4264.00           0.849000
4266.00           0.858120
4268.00           0.829316
4270.00           0.807101
4272.00           0.832908
4274.00           0.885415
4276.00           0.905503
4278.00           0.920001
4280.00           0.894300
4282.00           0.870811
4284.00           0.861415
4286.00           0.849808
4288.00           0.839519
4290.00           0.824915
4292.00           0.862711
4294.00           0.893301
4296.00           0.867409
4298.00           0.816816
4300.00           0.783420
4302.00           0.786906
4304.00           0.787906
4306.00           0.796813
4308.00           0.753319
4310.00           0.761504
4312.00           0.730403
4314.00           0.745008
4316.00           0.692118
4318.00           0.674921
4320.00           0.658212
4322.00           0.660912
4324.00           0.672306
4326.00           0.703619
4328.00           0.747112
4330.00           0.797004
4332.00           0.822704
4334.00           0.918704
4336.00           0.907714
4338.00           0.913815
4340.00           0.808207
4342.00           0.809503
4344.00           0.823321
4346.00           0.846003
4348.00           0.852805
4350.00           0.787204
4352.00           0.743413
4354.00           0.719307
4356.00           0.785801
4358.00           0.871916
4360.00           0.929418
4362.00           0.906311
4364.00           0.867707
4366.00           0.837117
4368.00           0.854804
4370.00           0.886201
4372.00           0.909415
4374.00           0.927717
4376.00           0.937815
4378.00           0.980713
4380.00           1.008582
4382.00           1.019487
4384.00           0.984114
4386.00           0.943618
4388.00           0.909521
4390.00           0.901719
4392.00           0.886818
4394.00           0.889900
4396.00           0.847321
4398.00           0.817305
4400.00           0.754616
4402.00           0.764501
4404.00           0.790010
4406.00           0.855909
4408.00           0.926506
4410.00           0.974421
4412.00           0.983200
4414.00           0.930502
4416.00           0.901719
4418.00           0.885308
4420.00           0.859820
4422.00           0.843410
4424.00           0.870704
4426.00           0.918810
4428.00           0.940111
4430.00           0.903420
4432.00           0.867005
4434.00           0.856504
4436.00           0.893110
4438.00           0.946509
4440.00           0.949103
4442.00           0.924210
4444.00           0.917408
4446.00           0.945106
4448.00           0.951016
4450.00           0.927420
4452.00           0.920001
4454.00           0.927505
4456.00           0.906311
4458.00           0.874616
4460.00           0.870917
4462.00           0.908309
4464.00           0.954205
4466.00           0.959200
4468.00           0.955820
4470.00           0.930608
4472.00           0.899615
4474.00           0.877911
4476.00           0.896405
4478.00           0.941004
4480.00           0.970212
4482.00           0.941620
4484.00           0.940302
4486.00           0.942407
4488.00           0.969914
4490.00           1.020295
4492.00           1.057283
4494.00           1.080093
4496.00           1.042892
4498.00           1.013684
4500.00           0.956819
4502.00           0.919916
4504.00           0.904802
4506.00           0.939515
4508.00           1.002502
4510.00           1.038789
4512.00           1.041893
4514.00           1.017191
4516.00           1.026098
4518.00           1.023994
4520.00           1.029287
4522.00           1.004585
4524.00           1.023080
4526.00           1.016298
4528.00           1.026289
4530.00           1.027884
4532.00           1.041786
4534.00           1.019381
4536.00           0.985708
4538.00           0.983710
4540.00           0.964408
4542.00           0.955310
4544.00           0.912709
4546.00           0.928100
4548.00           0.933117
4550.00           0.968213
4552.00           0.993914
4554.00           1.022293
4556.00           1.016298
4558.00           0.978502
4560.00           0.981202
4562.00           0.976610
4564.00           0.993616
4566.00           0.985007
4568.00           0.996507
4570.00           1.005691
4572.00           0.987707
4574.00           0.998102
4576.00           1.012982
4578.00           1.038491
4580.00           1.038598
4582.00           1.024589
4584.00           1.023590
4586.00           1.008390
4588.00           1.018382
4590.00           1.032794
4592.00           1.031689
4594.00           1.025886
4596.00           0.996805
4598.00           0.990300
4600.00           0.986112
4602.00           1.001120
4604.00           1.009092
4606.00           0.999802
4608.00           1.004096
4610.00           1.000121
4612.00           0.974506
4614.00           0.968320
4616.00           0.962516
4618.00           1.001907
4620.00           1.028181
4622.00           1.067381
4624.00           1.089595
4626.00           1.078498
4628.00           1.064192
4630.00           1.071292
4632.00           1.100989
4634.00           1.120886
4636.00           1.109088
4638.00           1.063193
4640.00           1.040192
4642.00           1.033985
4644.00           1.051182
4646.00           1.046399
4648.00           1.034580
4650.00           1.018488
4652.00           1.009496
4654.00           1.011983
4656.00           0.996507
4658.00           0.996614
4660.00           1.008497
4662.00           1.012599
4664.00           1.004692
4666.00           0.990109
4668.00           1.017191
4670.00           1.048589
4672.00           1.092380
4674.00           1.093889
4676.00           1.086789
4678.00           1.040490
4680.00           1.009687
4682.00           0.971806
4684.00           0.954608
4686.00           0.950910
4688.00           0.956203
4690.00           0.992001
4692.00           1.032093
4694.00           1.087490
4696.00           1.063894
4698.00           1.050183
4700.00           1.019785
4702.00           0.997613
4704.00           0.982414
4706.00           0.988217
4708.00           1.046782
4710.00           1.066084
4712.00           1.063490
4714.00           1.012791
4716.00           0.979119
4718.00           0.953418
4720.00           0.948805
4722.00           0.966619
4724.00           0.984816
4726.00           0.986601
4728.00           0.998612
4730.00           0.986410
4732.00           1.019296
4734.00           1.016490
4736.00           1.042679
4738.00           1.051480
4740.00           1.055498
4742.00           1.056284
4744.00           1.033283
4746.00           1.006286
4748.00           0.963005
4750.00           0.949400
4752.00           0.972019
4754.00           0.987409
4756.00           1.018594
4758.00           1.023292
4760.00           1.034091
4762.00           1.049184
4764.00           1.062300
4766.00           1.081092
4768.00           1.078286
4770.00           1.060089
4772.00           1.020486
4774.00           0.988408
4776.00           0.983710
4778.00           1.015087
4780.00           1.037195
4782.00           1.036982
4784.00           1.017786
4786.00           0.997315
4788.00           1.015384
4790.00           1.039788
4792.00           1.072886
4794.00           1.081092
4796.00           1.060195
4798.00           1.024291
4800.00           0.996507
4802.00           1.010793
4804.00           1.037684
4806.00           1.035494
4808.00           1.028479
4810.00           1.016894
4812.00           1.013088
4814.00           1.006584
4816.00           1.003119
4818.00           1.005287
4820.00           1.025099
4822.00           1.049184
4824.00           1.059090
4826.00           1.048886
4828.00           1.037684
4830.00           1.053095
4832.00           1.071398
4834.00           1.082282
4836.00           1.078179
4838.00           1.056985
4840.00           1.046484
4842.00           1.040681
4844.00           1.045889
4846.00           1.037195
4848.00           1.022399
4850.00           1.024482
4852.00           1.022293
4854.00           1.021485
4856.00           1.033985
4858.00           1.035898
4860.00           1.049992
4862.00           1.022293
4864.00           1.021995
4866.00           1.044188
4868.00           1.053180
4870.00           1.028585
4872.00           0.983604
4874.00           0.964408
4876.00           0.981606
4878.00           1.024695
4880.00           1.022888
4882.00           0.984518
4884.00           0.954715
4886.00           0.957606
4888.00           0.981903
4890.00           0.964111
4892.00           0.962708
4894.00           0.964408
4896.00           0.988111
4898.00           1.018679
4900.00           1.042679
4902.00           1.037684
4904.00           1.011983
4906.00           0.983519
4908.00           0.988514
4910.00           0.992511
4912.00           1.028096
4914.00           1.060089
4916.00           1.056985
4918.00           1.032390
4920.00           1.008879
4922.00           1.026991
4924.00           1.030690
4926.00           1.016086
4928.00           1.005882
4930.00           1.020082
4932.00           1.011898
4934.00           1.026800
4936.00           0.999313
4938.00           0.977312
4940.00           0.951717
4942.00           0.936603
4944.00           0.947721
4946.00           0.969510
4948.00           1.019487
4950.00           1.028883
4952.00           1.002013
4954.00           0.956819
4956.00           0.958902
4958.00           0.974718
4960.00           0.994318
4962.00           1.007498
4964.00           1.040596
4966.00           1.068188
4968.00           1.089595
4970.00           1.086895
4972.00           1.115295
4974.00           1.154282
4976.00           1.176985
4978.00           1.160383
4980.00           1.116379
4982.00           1.108599
4984.00           1.075480
4986.00           1.038895
4988.00           1.006881
4990.00           1.003608
4992.00           1.030286
4994.00           1.021294
4996.00           1.039384
4998.00           1.031689
5000.00           1.026800
5002.00           0.982817
5004.00           0.972401
5006.00           0.963919
5008.00           0.990619
5010.00           1.017786
5012.00           1.056199
5014.00           1.101180
5016.00           1.127986
5018.00           1.218990
5020.00           1.338097
5022.00           1.491089
5024.00           1.539599
5026.00           1.509286
5028.00           1.346494
5030.00           1.200092
5032.00           1.065999
5034.00           1.013896
5036.00           0.953801
5038.00           0.924720
5040.00           0.915409
5042.00           0.930013
5044.00           0.959306
5046.00           0.965216
5048.00           0.973804
5050.00           0.977609
5052.00           0.980819
5054.00           0.980819
5056.00           0.958010
5058.00           0.932309
5060.00           0.926506
5062.00           0.924019
5064.00           0.964302
5066.00           0.961517
5068.00           0.966003
5070.00           0.955820
5072.00           0.965620
5074.00           0.988621
5076.00           1.001418
5078.00           0.990619
5080.00           0.976121
5082.00           0.999101
5084.00           1.016894
5086.00           1.003119
5088.00           0.963600
5090.00           0.958520
5092.00           0.983817
5094.00           0.998017
5096.00           1.001801
5098.00           0.969106
5100.00           0.948805
5102.00           0.931119
5104.00           0.931608
5106.00           0.933818
5108.00           0.952716
5110.00           0.981414
5112.00           0.984220
5114.00           0.984816
5116.00           0.990917
5118.00           0.989301
5120.00           0.997613
5122.00           0.985007
5124.00           0.992405
5126.00           0.983009
5128.00           0.973315
5130.00           0.940302
5132.00           0.925613
5134.00           0.944320
5136.00           0.957606
5138.00           0.952610
5140.00           0.924720
5142.00           0.911519
5144.00           0.900911
5146.00           0.896107
5148.00           0.902208
5150.00           0.902315
5152.00           0.917811
5154.00           0.942407
5156.00           0.967512
5158.00           0.982201
5160.00           0.979820
5162.00           0.964621
5164.00           0.936306
5166.00           0.919810
5168.00           0.913815
5170.00           0.905206
5172.00           0.893004
5174.00           0.891813
5176.00           0.895002
5178.00           0.895002
5180.00           0.888306
5182.00           0.874701
5184.00           0.866708
5186.00           0.861011
5188.00           0.847619
5190.00           0.815200
5192.00           0.778403
5194.00           0.778807
5196.00           0.814818
5198.00           0.846301
5200.00           0.841220
5202.00           0.819601
5204.00           0.837521
5206.00           0.875211
5208.00           0.888221
5210.00           0.876508
5212.00           0.861202
5214.00           0.861117
5216.00           0.847108
5218.00           0.842304
5220.00           0.858715
5222.00           0.897808
5224.00           0.948507
5226.00           0.959710
5228.00           0.935902
5230.00           0.894407
5232.00           0.858311
5234.00           0.847321
5236.00           0.859013
5238.00           0.910201
5240.00           0.961815
5242.00           0.974314
5244.00           0.946318
5246.00           0.900104
5248.00           0.888221
5250.00           0.912221
5252.00           0.939600
5254.00           0.949400
5256.00           0.956203
5258.00           0.968511
5260.00           0.966917
5262.00           0.962410
5264.00           0.958116
5266.00           0.955608
5268.00           0.940812
5270.00           0.922913
5272.00           0.924019
5274.00           0.948401
5276.00           0.979501
5278.00           0.990406
5280.00           0.967703
5282.00           0.930502
5284.00           0.910010
5286.00           0.902017
5288.00           0.889007
5290.00           0.861606
5292.00           0.860607
5294.00           0.887009
5296.00           0.924316
5298.00           0.971912
5300.00           0.991512
5302.00           0.988706
5304.00           0.972210
5306.00           0.980203
5308.00           1.022782
5310.00           1.054392
5312.00           1.059494
5314.00           1.032093
5316.00           0.999207
5318.00           0.994212
5320.00           0.996104
5322.00           0.993319
5324.00           0.989620
5326.00           1.009496
5328.00           1.050800
5330.00           1.083196
5332.00           1.090679
5334.00           1.076394
5336.00           1.054987
5338.00           1.034197
5340.00           1.004479
5342.00           0.972210
5344.00           0.957202
5346.00           0.975314
5348.00           1.018190
5350.00           1.032794
5352.00           1.007179
5354.00           0.979714
5356.00           1.003310
5358.00           1.014385
5360.00           0.990300
5362.00           0.958201
5364.00           0.982605
5366.00           1.012684
5368.00           1.008986
5370.00           1.000716
5372.00           1.008879
5374.00           1.037280
5376.00           1.052883
5378.00           1.056199
5380.00           1.036982
5382.00           1.011898
5384.00           1.012897
5386.00           1.030881
5388.00           1.036196
5390.00           1.017999
5392.00           0.999101
5394.00           1.000908
5396.00           1.003990
5398.00           0.998017
5400.00           0.999016
5402.00           1.003608
5404.00           1.008284
5406.00           0.995615
5408.00           0.980309
5410.00           0.962814
5412.00           0.948614
5414.00           0.955905
5416.00           0.973613
5418.00           0.976908
5420.00           0.948720
5422.00           0.910010
5424.00           0.903207
5426.00           0.922105
5428.00           0.939218
5430.00           0.940515
5432.00           0.946318
5434.00           0.972019
5436.00           0.994105
5438.00           1.005797
5440.00           0.993808
5442.00           0.973804
5444.00           0.973507
5446.00           0.985305
5448.00           1.002715
5450.00           0.996911
5452.00           0.992702
5454.00           0.988514
5456.00           0.984306
5458.00           0.980011
5460.00           0.975802
5462.00           0.971615
5464.00           0.967321
5466.00           0.963112
5468.00           0.958902
5470.00           0.964918
5472.00           0.959306
5474.00           0.952100
5476.00           0.938219
5478.00           0.942917
5480.00           0.962516
5482.00           1.004096
5484.00           1.038789
5486.00           1.038895
5488.00           0.999802
5490.00           0.967214
5492.00           0.966704
5494.00           0.976504
5496.00           0.962601
5498.00           0.958414
5500.00           0.972210
5502.00           0.984220
5504.00           0.976313
5506.00           0.953418
5508.00           0.949507
5510.00           0.955204
5512.00           0.971912
5514.00           0.990704
5516.00           0.990619
5518.00           0.970807
5520.00           0.966215
5522.00           0.991002
5524.00           1.020996
5526.00           1.003501
5528.00           0.967618
5530.00           0.947211
5532.00           0.935519
5534.00           0.918215
5536.00           0.888221
5538.00           0.888816
5540.00           0.937305
5542.00           1.007285
5544.00           1.076181
5546.00           1.108089
5548.00           1.096886
5550.00           1.064489
5552.00           1.024291
5554.00           1.004181
5556.00           0.996401
5558.00           0.992617
5560.00           0.994807
5562.00           0.992809
5564.00           0.992915
5566.00           0.992915
5568.00           0.999717
5570.00           1.002311
5572.00           1.003012
5574.00           1.003693
5576.00           1.004479
5578.00           1.005180
5580.00           1.005988
5582.00           1.006690
5584.00           1.007391
5586.00           1.008199
5588.00           1.008879
5590.00           1.009581
5592.00           1.010389
5594.00           1.010899
5596.00           1.014194
5598.00           1.006690
5600.00           0.995104
5602.00           0.993510
5604.00           1.017680
5606.00           1.038980
5608.00           1.039788
5610.00           1.022293
5612.00           1.005882
5614.00           0.979012
5616.00           0.950017
5618.00           0.936306
5620.00           0.955820
5622.00           1.005180
5624.00           1.042297
5626.00           1.043381
5628.00           1.025099
5630.00           1.004798
5632.00           1.008986
5634.00           1.028096
5636.00           1.051097
5638.00           1.040490
5640.00           0.993701
5642.00           0.978417
5644.00           1.010389
5646.00           1.058197
5648.00           1.068380
5650.00           1.055795
5652.00           1.028989
5654.00           1.006286
5656.00           1.007179
5658.00           1.036387
5660.00           1.057687
5662.00           1.037492
5664.00           0.992809
5666.00           0.962920
5668.00           0.971211
5670.00           1.003310
5672.00           1.030690
5674.00           1.040298
5676.00           1.032794
5678.00           1.019700
5680.00           1.005095
5682.00           0.982903
5684.00           0.966300
5686.00           0.977716
5688.00           1.007987
5690.00           1.027990
5692.00           1.011494
5694.00           0.989811
5696.00           0.991618
5698.00           1.023781
5700.00           1.060982
5702.00           1.060684
5704.00           1.033793
5706.00           1.001503
5708.00           0.980500
5710.00           0.960518
5712.00           0.948720
5714.00           0.965216
5716.00           0.987112
5718.00           1.004692
5720.00           1.009985
5722.00           1.012196
5724.00           1.016681
5726.00           1.024397
5728.00           1.038194
5730.00           1.045081
5732.00           1.053882
5734.00           1.062683
5736.00           1.060493
5738.00           1.043083
5740.00           1.030881
5742.00           1.040596
5744.00           1.060195
5746.00           1.054498
5748.00           1.035196
5750.00           1.024589
5752.00           1.032093
5754.00           1.030286
5756.00           1.013386
5758.00           0.997613
5760.00           0.978120
5762.00           0.964706
5764.00           0.972401
5766.00           1.013386
5768.00           1.043891
5770.00           1.044295
5772.00           1.022293
5774.00           1.005393
5776.00           1.002821
5778.00           1.015979
5780.00           1.039490
5782.00           1.048291
5784.00           1.036196
5786.00           1.017489
5788.00           1.019189
5790.00           1.043593
5792.00           1.060982
5794.00           1.049184
5796.00           1.014895
5798.00           0.993616
5800.00           0.995615
5802.00           0.992809
5804.00           0.956713
5806.00           0.927207
5808.00           0.931905
5810.00           0.971721
5812.00           1.032390
5814.00           1.071887
5816.00           1.083196
5818.00           1.066998
5820.00           1.074289
5822.00           1.104794
5824.00           1.109598
5826.00           1.077584
5828.00           1.059281
5830.00           1.062491
5832.00           1.047887
5834.00           1.025290
5836.00           0.997613
5838.00           0.993404
5840.00           0.998208
5842.00           1.009390
5844.00           1.035090
5846.00           1.057496
5848.00           1.081687
5850.00           1.115380
5852.00           1.127093
5854.00           1.102796
5856.00           1.077095
5858.00           1.053988
5860.00           1.036897
5862.00           0.996316
5864.00           0.989110
5866.00           1.037088
5868.00           1.096482
5870.00           1.115189
5872.00           1.120100
5874.00           1.098693
5876.00           1.023292
5878.00           0.956819
5880.00           0.937411
5882.00           0.988918
5884.00           1.022080
5886.00           1.036791
5888.00           1.051586
5890.00           1.066296
5892.00           1.080985
5894.00           1.095696
5896.00           1.110491
5898.00           1.145992
5900.00           1.200092
5902.00           1.202792
5904.00           1.124500
5906.00           1.031583
5908.00           0.955608
5910.00           0.914601
5912.00           0.874807
5914.00           0.872107
5916.00           0.905609
5918.00           0.926910
5920.00           0.917110
5922.00           0.894811
5924.00           0.889709
5926.00           0.913921
5928.00           0.928504
5930.00           0.945616
5932.00           0.986219
5934.00           1.054987
5936.00           1.110385
5938.00           1.109896
5940.00           1.063087
5942.00           1.010495
5944.00           0.976121
5946.00           0.949507
5948.00           0.919002
5950.00           0.912709
5952.00           0.932904
5954.00           0.982817
5956.00           1.043083
5958.00           1.083983
5960.00           1.076798
5962.00           1.019997
5964.00           0.967214
5966.00           0.970615
5968.00           1.018785
5970.00           1.063384
5972.00           1.053797
5974.00           1.023398
5976.00           1.009793
5978.00           1.027289
5980.00           1.060897
5982.00           1.075990
5984.00           1.076288
5986.00           1.069081
5988.00           1.039788
5990.00           1.013599
5992.00           0.999016
5994.00           1.018382
5996.00           1.039979
5998.00           1.031391
6000.00           1.009496
6002.00           0.994212
6004.00           1.002417
6006.00           1.036684
6008.00           1.069379
6010.00           1.066488
6012.00           1.049886
6014.00           1.036387
6016.00           1.027182
6018.00           1.009900
6020.00           0.999909
6022.00           1.020188
6024.00           1.023781
6026.00           1.003884
6028.00           0.982414
6030.00           0.996401
6032.00           1.018190
6034.00           1.012089
6036.00           0.994212
6038.00           1.006392
6040.00           1.016298
6042.00           1.013896
6044.00           0.989407
6046.00           0.968617
6048.00           0.955608
6050.00           0.947721
6052.00           0.967618
6054.00           0.977014
6056.00           0.986920
6058.00           1.007987
6060.00           1.039682
6062.00           1.061896
6064.00           1.073396
6066.00           1.093698
6068.00           1.090594
6070.00           1.064383
6072.00           1.040086
6074.00           1.045889
6076.00           1.060387
6078.00           1.057283
6080.00           1.031094
6082.00           1.001120
6084.00           0.984816
6086.00           0.981903
6088.00           0.983009
6090.00           0.985708
6092.00           0.995615
6094.00           1.009900
6096.00           1.017680
6098.00           1.021591
6100.00           1.032093
6102.00           1.046994
6104.00           1.045187
6106.00           1.034899
6108.00           1.028479
6110.00           1.035388
6112.00           1.040681
6114.00           1.052288
6116.00           1.069485
6118.00           1.076691
6120.00           1.060684
6122.00           1.041786
6124.00           1.031986
6126.00           1.011685
6128.00           0.993701
6130.00           0.976610
6132.00           0.965705
6134.00           0.946509
6136.00           0.934116
6138.00           0.946318
6140.00           0.968320
6142.00           0.991214
6144.00           1.006095
6146.00           1.018679
6148.00           1.038598
6150.00           1.048886
6152.00           1.057198
6154.00           1.058282
6156.00           1.038385
6158.00           1.012599
6160.00           0.994318
6162.00           1.003012
6164.00           0.980607
6166.00           0.938814
6168.00           0.920107
6170.00           0.946509
6172.00           0.989514
6174.00           0.998102
6176.00           0.976801
6178.00           0.967406
6180.00           0.984114
6182.00           1.004585
6184.00           0.983604
6186.00           0.975909
6188.00           0.981414
6190.00           0.980309
6192.00           0.951717
6194.00           0.946807
6196.00           0.968915
6198.00           0.976801
6200.00           0.968617
6202.00           0.966619
6204.00           0.978715
6206.00           0.971211
6208.00           0.943512
6210.00           0.906311
6212.00           0.886201
6214.00           0.900401
6216.00           0.924316
6218.00           0.933903
6220.00           0.931310
6222.00           0.971508
6224.00           1.020082
6226.00           1.017297
6228.00           0.942704
6230.00           0.889220
6232.00           0.904100
6234.00           0.963515
6236.00           1.005691
6238.00           1.032497
6240.00           1.029988
6242.00           0.993213
6244.00           0.948720
6246.00           0.933903
6248.00           0.943512
6250.00           0.912901
6252.00           0.840412
6254.00           0.792710
6256.00           0.812905
6258.00           0.870301
6260.00           0.930906
6262.00           0.951505
6264.00           0.939005
6266.00           0.918215
6268.00           0.922020
6270.00           0.944702
6272.00           0.935115
6274.00           0.917301
6276.00           0.905418
6278.00           0.892217
6280.00           0.843112
6282.00           0.808419
6284.00           0.804720
6286.00           0.829018
6288.00           0.876104
6290.00           0.935200
6292.00           0.952610
6294.00           0.872618
6296.00           0.825213
6298.00           0.861117
6300.00           0.963005
6302.00           1.014385
6304.00           0.998017
6306.00           0.976504
6308.00           0.982116
6310.00           1.015299
6312.00           1.010197
6314.00           0.949315
6316.00           0.902315
6318.00           0.913220
6320.00           0.973507
6322.00           1.009900
6324.00           0.980819
6326.00           0.939600
6328.00           0.940706
6330.00           1.005180
6332.00           1.052989
6334.00           1.041893
6336.00           0.990704
6338.00           0.935413
6340.00           0.890920
6342.00           0.867112
6344.00           0.870301
6346.00           0.912008
6348.00           0.965110
6350.00           0.996210
6352.00           0.992001
6354.00           0.973400
6356.00           0.964706
6358.00           0.973209
6360.00           0.988408
6362.00           0.999802
6364.00           1.001120
6366.00           0.989811
6368.00           0.965301
6370.00           0.946105
6372.00           0.940408
6374.00           0.941705
6376.00           0.931608
6378.00           0.923721
6380.00           0.940111
6382.00           0.979714
6384.00           0.997315
6386.00           0.997400
6388.00           0.997719
6390.00           1.009283
6392.00           1.004798
6394.00           0.990917
6396.00           0.993319
6398.00           0.993319
6400.00           0.993701
6402.00           0.991618
6404.00           0.997506
6406.00           0.989811
6408.00           0.967002
6410.00           0.948316
6412.00           0.934605
6414.00           0.928015
6416.00           0.928313
6418.00           0.942917
6420.00           0.980203
6422.00           1.014279
6424.00           1.021995
6426.00           0.997018
6428.00           0.978608
6430.00           0.975314
6432.00           0.966300
6434.00           0.937815
6436.00           0.931608
6438.00           0.954417
6440.00           0.976610
6442.00           0.958201
6444.00           0.936306
6446.00           0.943321
6448.00           0.965811
6450.00           0.975802
6452.00           0.962304
6454.00           0.939707
6456.00           0.911817
6458.00           0.900104
6460.00           0.907416
6462.00           0.926017
6464.00           0.953418
6466.00           0.987218
6468.00           1.024482
6470.00           1.047398
6472.00           1.044996
6474.00           1.018488
6476.00           0.984306
6478.00           0.973209
6480.00           0.988621
6482.00           1.003501
6484.00           0.992107
6486.00           0.963919
6488.00           0.924508
6490.00           0.892217
6492.00           0.881206
6494.00           0.908118
6496.00           0.955310
6498.00           1.010197
6500.00           1.081581
6502.00           1.112787
6504.00           1.090679
6506.00           1.031391
6508.00           1.000206
6510.00           0.990704
6512.00           0.966704
6514.00           0.933521
6516.00           0.914708
6518.00           0.913305
6520.00           0.925315
6522.00           0.942810
6524.00           0.955820
6526.00           0.939813
6528.00           0.896617
6530.00           0.895810
6532.00           0.981414
6534.00           1.103285
6536.00           1.145481
6538.00           1.086683
6540.00           1.003012
6542.00           0.982605
6544.00           1.022080
6546.00           1.050098
6548.00           1.028989
6550.00           0.993021
6552.00           1.019891
6554.00           1.109598
6556.00           1.179281
6558.00           1.148883
6560.00           1.067784
6562.00           1.037790
6564.00           1.098587
6566.00           1.166994
6568.00           1.196691
6570.00           1.212783
6572.00           1.256595
6574.00           1.285591
6576.00           1.307996
6578.00           1.354487
6580.00           1.452187
6582.00           1.514196
6584.00           1.534582
6586.00           1.546890
6588.00           1.576099
6590.00           1.572293
6592.00           1.506288
6594.00           1.407100
6596.00           1.306700
6598.00           1.259189
6600.00           1.287589
6602.00           1.384886
6604.00           1.518086
6606.00           1.638596
6608.00           1.700180
6610.00           1.655985
6612.00           1.540492
6614.00           1.400191
6616.00           1.269988
6618.00           1.156195
6620.00           1.076394
6622.00           1.042998
6624.00           1.038491
6626.00           1.028096
6628.00           1.025290
6630.00           1.038980
6632.00           1.060195
6634.00           1.072100
6636.00           1.062300
6638.00           1.048397
6640.00           1.029393
6642.00           1.010282
6644.00           1.006987
6646.00           1.019785
6648.00           1.033496
6650.00           1.032284
6652.00           1.006392
6654.00           0.973315
6656.00           0.952206
6658.00           0.940004
6660.00           0.936221
6662.00           0.952716
6664.00           0.978120
6666.00           1.000121
6668.00           1.000504
6670.00           0.997719
6672.00           0.987112
6674.00           0.965811
6676.00           0.954608
6678.00           0.966619
6680.00           1.001312
6682.00           1.025992
6684.00           1.014194
6686.00           0.974909
6688.00           0.937305
6690.00           0.938601
6692.00           0.963303
6694.00           0.985517
6696.00           0.990619
6698.00           0.981011
6700.00           0.967406
6702.00           0.963303
6704.00           0.970615
6706.00           0.974208
6708.00           0.968915
6710.00           0.961517
6712.00           0.966003
6714.00           0.975314
6716.00           0.992213
6718.00           1.005180
6720.00           0.996401
6722.00           0.978502
6724.00           0.965407
6726.00           0.977609
6728.00           0.999909
6730.00           1.012196
6732.00           1.016596
6734.00           1.021188
6736.00           1.048886
6738.00           1.103094
6740.00           1.154686
6742.00           1.173286
6744.00           1.157088
6746.00           1.129793
6748.00           1.117081
6750.00           1.109896
6752.00           1.110385
6754.00           1.122481
6756.00           1.142697
6758.00           1.132089
6760.00           1.099395
6762.00           1.061896
6764.00           1.027990
6766.00           0.994403
6768.00           0.970509
6770.00           0.974612
6772.00           0.977716
6774.00           0.968107
6776.00           0.952206
6778.00           0.948104
6780.00           0.950718
6782.00           0.954715
6784.00           0.961708
6786.00           0.974909
6788.00           0.988706
6790.00           0.990619
6792.00           0.976610
6794.00           0.961602
6796.00           0.945213
6798.00           0.938516
6800.00           0.946616
6802.00           0.960412
6804.00           0.962920
6806.00           0.945808
6808.00           0.939600
6810.00           0.946318
6812.00           0.957414
6814.00           0.955608
6816.00           0.953312
6818.00           0.951909
6820.00           0.957117
6822.00           0.962410
6824.00           0.967703
6826.00           0.972911
6828.00           0.978205
6830.00           0.983519
6832.00           0.988706
6834.00           0.994020
6836.00           0.999207
6838.00           1.015597
6840.00           1.024482
6842.00           1.024780
6844.00           1.020784
6846.00           1.005393
6848.00           0.970615
6850.00           0.922616
6852.00           0.907608
6854.00           0.870917
6856.00           0.826106
6858.00           0.798216
6860.00           0.811608
6862.00           0.873702
6864.00           0.967002
6866.00           1.089595
6868.00           1.095887
6870.00           0.941514
6872.00           0.728405
6874.00           0.634212
6876.00           0.671201
6878.00           0.756019
6880.00           0.805316
6882.00           0.835608
6884.00           0.859502
6886.00           0.873510
6888.00           0.867813
6890.00           0.872214
6892.00           0.878804
6894.00           0.870917
6896.00           0.844302
6898.00           0.841518
6900.00           0.875020
6902.00           0.913411
6904.00           0.925209
6906.00           0.905312
6908.00           0.879314
6910.00           0.873107
6912.00           0.895618
6914.00           0.921510
6916.00           0.928100
6918.00           0.920511
6920.00           0.895810
6922.00           0.911604
6924.00           0.995721
6926.00           1.104093
6928.00           1.145396
6930.00           1.052883
6932.00           0.899912
6934.00           0.822407
6936.00           0.843707
6938.00           0.909818
6940.00           0.915707
6942.00           0.905312
6944.00           0.914113
6946.00           0.934605
6948.00           0.956607
6950.00           1.025588
6952.00           1.123097
6954.00           1.153283
6956.00           1.075288
6958.00           0.946318
6960.00           0.867005
6962.00           0.859608
6964.00           0.901103
6966.00           0.947721
6968.00           0.971721
6970.00           0.979820
6972.00           0.973400
6974.00           0.972316
6976.00           0.995211
6978.00           1.051182
6980.00           1.109280
6982.00           1.124691
6984.00           1.090892
6986.00           1.022080
6988.00           0.955905
6990.00           0.927505
6992.00           0.949613
6994.00           0.969404
6996.00           0.954311
6998.00           0.920617
7000.00           0.915409
7002.00           0.920214
7004.00           0.915601
7006.00           0.928610
7008.00           0.960221
7010.00           1.004883
7012.00           1.033283
7014.00           1.058899
7016.00           1.070080
7018.00           1.045698
7020.00           0.998718
7022.00           0.966513
7024.00           0.963919
7026.00           0.979905
7028.00           0.982520
7030.00           0.973804
7032.00           0.966003
7034.00           0.964408
7036.00           0.959009
7038.00           0.942513
7040.00           0.933712
7042.00           0.956012
7044.00           0.998421
7046.00           1.035983
7048.00           1.046591
7050.00           1.046399
7052.00           1.057092
7054.00           1.068486
7056.00           1.059090
7058.00           1.019381
7060.00           0.999717
7062.00           1.015193
7064.00           1.032390
7066.00           1.034091
7068.00           1.023994
7070.00           1.029287
7072.00           1.036387
7074.00           1.038385
7076.00           1.040086
7078.00           1.047590
7080.00           1.075288
7082.00           1.091699
7084.00           1.090998
7086.00           1.095079
7088.00           1.121779
7090.00           1.161680
7092.00           1.181598
7094.00           1.182597
7096.00           1.167781
7098.00           1.151689
7100.00           1.144291